53.1422522 -28.6863758 
52.9197154 -28.6670017 
52.3125855 -28.5702809 
52.3138721 -28.5685597 
52.3109679 -28.5689268 
51.8110241 -28.5657515 
51.8098345 -28.5650691 
52.3093605 -28.5646483 
52.314835 -28.5616638 
52.5250937 -28.404146 
52.5276542 -28.4021242 
53.0898533 -28.3941797 
52.5327079 -28.3849575 
52.4937949 -28.3618131 
52.4862781 -28.3246831 
53.1213265 -28.2947233 
52.4864276 -28.2893632 
52.3981016 -28.1335294 
53.1552337 -28.123635 
52.7750333 -28.083621 
52.2024079 -28.0820692 
52.7758824 -28.0826456 
51.7220932 -28.029773 
52.4013452 -27.9984772 
52.8669711 -27.9173476 
51.9928084 -27.8313202 
51.9060589 -27.7499518 
51.8533598 -27.7499477 
51.866445 -27.7337532 
52.9178647 -27.7112721 
52.9108992 -27.7019851 
51.9380418 -27.5718872 
52.4371609 -27.4863706 
52.4476522 -27.4818895 
52.1063526 -27.4806771 
52.1087791 -27.4693647 
52.313684 -28.5487634 
52.3100188 -28.5471788 
52.3152329 -28.5451683 
52.3082612 -28.5371261 
52.3314632 -27.8892813 
52.2075166 -28.8896641 
52.1967998 -28.553047 
52.7577852 -28.3342502 
52.5660521 -28.2119886 
53.5992703 -28.1295682 
52.5880374 -28.0809208 
52.6619058 -28.0491549 
52.6606312 -28.0488547 
51.8899672 -27.7491113 
51.8504523 -27.7424318 
52.915663 -27.7115758 
52.2000527 -27.6399998 
52.8752069 -27.6354494 
52.8744436 -27.6346256 
53.7857932 -28.0047019
53.1936805 -28.2074496
52.9074363 -28.0311242
53.2013106 -28.6327021
53.3731161 -28.4884234
53.3570918 -27.5019019
51.8563167 -28.603973 
52.4930269 -28.362412 
52.4981885 -28.2843552 
52.4439357 -28.0572003 
53.7539289 -28.0026283 
52.402618 -27.9989298 
51.989822 -27.8342299 
51.6863254 -27.7367047 
52.1038207 -27.4799918 
52.3160928 -27.3182968 
53.3712212 -28.3794803
53.2273950 -28.5208761
52.3173245 -27.6796494
53.2835513 -28.7796965 
53.017815 -28.6094337 
52.3155728 -28.5705889 
52.1986527 -28.0855056 
52.7977115 -28.0682306 
53.6760306 -27.8706369 
52.1984002 -27.5742312 
52.2088808 -28.8910184 
53.1393513 -28.6875853 
51.8285903 -28.3860553 
52.406445 -28.1297218 
52.7763944 -28.0849699 
52.8698219 -27.7513897 
52.163246 -28.8008072 
52.9186702 -27.4218982
52.3678572 -28.8516689 
52.0548504 -28.8130204 
52.6344171 -28.7236619 
52.3159812 -28.5510191 
52.3143628 -28.549965 
52.3717693 -28.4772967 
53.1425058 -28.4077354 
53.142554 -28.3991117 
52.3546745 -28.2924119 
52.3542519 -28.2913611 
51.696294 -28.2870893 
52.3930083 -28.1302192 
52.0331758 -28.1263704 
52.7938956 -28.0764078 
52.7744316 -28.0758223 
52.1737162 -28.0743925 
51.8370771 -27.7519493 
51.8792784 -27.7509246 
52.9165948 -27.7115742 
52.0220854 -27.6334222 
52.4075563 -27.2940619 
53.3635369 -27.8405807
52.5700443 -28.4644801
52.879203 -27.92333 
53.5898854 -27.7228323 
52.3145665 -28.5403675 
52.7308984 -28.4124007 
53.2618775 -28.2063903 
52.2611999 -27.8708632 
53.3889193 -28.0387974 
52.5772758 -28.2218213 
52.4978416 -28.7351675 
52.0192262 -28.610261 
52.5098129 -28.5763711 
52.8149977 -28.5767147 
53.2290911 -28.5354911 
52.5352339 -28.4076816 
52.740954 -28.4033232 
53.14008 -28.3986701 
52.493622 -28.3632377 
52.4995484 -28.3360247 
52.3518649 -28.2921802 
52.4901684 -28.292893 
52.3696187 -28.2784237 
53.1333859 -28.2259193 
52.0356757 -28.120683 
52.7752906 -28.0863205 
53.2711594 -28.0835188 
52.7970422 -28.078205 
52.7855599 -28.0698151 
52.6616507 -28.0499048 
52.5926562 -28.0459778 
53.7703442 -28.0052744 
53.6908593 -28.0051277 
52.4155356 -27.9956556 
51.8484047 -27.7442942 
52.1889205 -27.5568014 
53.1069888 -27.4264024 
52.1934314 -27.307202 
52.2053514 -27.3022943 
52.1955494 -27.3053349 
52.4096657 -27.294066 
53.3075162 -28.7086598 
53.3516612 -28.6183245 
52.199269 -28.5544805 
52.7173647 -28.4807184 
52.5284996 -28.4070744 
52.497278 -28.3681919 
53.1313068 -28.2985904 
52.2099601 -28.0461 
53.6485703 -28.00528 
52.3168803 -27.886244 
52.333806 -27.8731643 
52.3519199 -27.7199296 
52.9126125 -27.711056 
51.8100814 -27.6431304 
53.4455679 -27.4976228 
52.3497769 -27.6730567
52.7717273 -28.1961850
53.2747786 -28.4164498
53.2364974 -28.4163103
52.3666971 -27.9102133
53.3086616 -28.7290485 
53.3475651 -28.6189444 
53.0173 -28.6086101 
52.0015401 -28.4902773 
52.4786761 -28.2903268 
53.599439 -28.119444 
51.6737796 -27.737664 
51.748343 -27.7355601 
52.910981 -27.7006352 
52.1940211 -27.307429 
52.0045777 -28.4956162 
53.1013882 -27.9650547 
52.6872211 -27.9204708 
52.6219462 -27.4798232 
52.3110084 -28.5325595 
52.3800588 -28.5024356 
53.5689269 -27.9554232
52.3549841 -27.8829646
53.4087388 -28.2815796
52.0583781 -28.6923989 
52.3526223 -28.2951066 
52.3366236 -27.2582909 
52.8428230 -28.0003931
52.2296998 -28.9698094 
53.1013393 -28.9555208 
52.3200921 -28.9514888 
52.180179 -28.9484932 
52.1711373 -28.9399877 
52.1773108 -28.9389613 
52.871914 -28.9398438 
52.1807396 -28.9385992 
52.9090881 -28.9346134 
52.2069978 -28.8907869 
52.2063994 -28.8905598 
52.2078569 -28.8901901 
52.208459 -28.8895924 
52.3325857 -28.8781236 
52.3286482 -28.8776635 
52.2473902 -28.8768275 
52.2371151 -28.8767941 
52.334616 -28.9647217 
52.1706044 -28.961802 
52.267582 -28.9472148 
52.1801018 -28.9466936 
52.9099461 -28.9352118 
53.0668989 -28.9100405 
52.2190563 -28.8945772 
52.2206014 -28.8937578 
52.2091437 -28.8896698 
52.6607157 -28.0512545 
52.6620753 -28.0514047 
52.6690432 -28.0512555 
52.6631801 -28.0506549 
52.6630952 -28.0502049 
52.6628403 -28.0498299 
52.660886 -28.0495297 
52.6631803 -28.04938 
52.6613959 -28.0494548 
52.6749067 -28.0460815 
52.6737172 -28.0453315 
52.6733773 -28.0450315 
52.6556188 -28.0450293 
52.6613134 -28.0364062 
52.6734628 -28.0382073 
52.6615682 -28.0370812 
52.6902813 -27.9828635 
52.6934234 -27.9835382 
52.6884979 -27.9821137 
52.6505386 -27.9836101 
52.6552082 -27.9878856 
52.659781 -28.0513293 
52.6650495 -28.0506551 
52.6611406 -28.0511046 
52.6567221 -28.0506539 
52.6608009 -28.0501296 
52.6608009 -28.0505046 
52.6588473 -28.0466797 
52.6745668 -28.0466064 
52.6743119 -28.0452566 
52.674312 -28.0448816 
52.6583393 -28.0383555 
52.662078 -28.0364813 
52.6749073 -28.0366326 
52.6916399 -27.9823385 
52.6912153 -27.9819636 
52.7003013 -27.9799379 
52.6499444 -27.9829351 
52.6941875 -27.9824133 
52.6912153 -27.9822635 
52.665984 -28.0518551 
52.6639449 -28.050505 
52.6615656 -28.0507297 
52.6623305 -28.0497549 
52.6740569 -28.0473563 
52.6584223 -28.0475045 
52.674822 -28.0422569 
52.6585936 -28.0410553 
52.6757567 -28.0406072 
52.6585089 -28.0400054 
52.6579145 -28.0382055 
52.6720185 -28.0375323 
52.6736329 -28.0359576 
52.7154306 -28.024855 
52.7154298 -28.0225303 
52.707528 -28.0167576 
52.6290383 -28.0151 
52.6403371 -28.0122542 
52.6756735 -28.0105355 
52.6604734 -27.9878865 
52.6626818 -27.9859371 
52.6514725 -27.9844352 
52.6974979 -27.9722141 
52.7183874 -27.9762597 
52.6987733 -27.9833127 
52.6918948 -27.9830884 
52.6643816 -27.9773133 
52.6358509 -27.9754319 
52.6861201 -27.9816638 
52.6616642 -27.9779878 
52.7177104 -27.9830841 
52.6524925 -27.9808359 
52.7014904 -27.9813626 
52.6980938 -27.9821129 
52.697924 -27.9825629 
52.6632768 -27.9827125 
52.6929137 -27.9819634 
52.2047862 -28.964101 
52.173479 -28.9519918 
52.9159428 -28.9349016 
52.9194557 -28.9349705 
52.3546621 -28.8553864 
52.7200441 -28.818288 
52.7223548 -28.8180624 
52.0426049 -28.8144627 
52.055187 -28.8139966 
53.2176879 -28.7983415 
53.2187166 -28.7987123 
53.2149463 -28.7976026 
53.2261543 -28.7974831 
52.032023 -28.7955938 
53.2126216 -28.7946876 
53.2124408 -28.7927389 
53.2304065 -28.7924426 
53.2297888 -28.7887713 
53.2222328 -28.7834032 
53.2210378 -28.7839328 
52.0360469 -28.7809928 
52.0381846 -28.7811529 
53.2842306 -28.7787937 
53.2857632 -28.7775123 
53.3150039 -28.7749049 
53.3144636 -28.7703339 
52.0967579 -28.7703964 
53.2974494 -28.7419959 
53.294624 -28.7414088 
52.4955244 -28.7398881 
53.2919551 -28.7382718 
53.3093456 -28.7290454 
52.6341602 -28.7243367 
52.232544 -28.7218029 
53.1599933 -28.7162315 
53.3125798 -28.7120104 
53.3164206 -28.7109429 
53.3094943 -28.7106751 
53.3103492 -28.7106711 
53.3066631 -28.7089636 
53.3063168 -28.7082154 
53.3090009 -28.6994306 
53.3051434 -28.6975739 
52.9902142 -28.6943034 
52.5313343 -28.6956191 
52.6430736 -28.6678038 
52.9264564 -28.6624159 
52.9699529 -28.6618809 
52.9043056 -28.6541309 
52.9736903 -28.65355 
53.3350291 -28.6502718 
52.6078037 -28.629773 
51.97572 -28.6281877 
52.0235059 -28.6226536 
52.0224818 -28.6224987 
52.0369186 -28.6223428 
52.0203663 -28.6192642 
53.3485844 -28.6180396 
51.8619426 -28.6053566 
53.0188247 -28.6045573 
52.7192751 -28.5769245 
52.8160223 -28.5766387 
52.383871 -28.5737546 
52.3082291 -28.5707939 
52.3821677 -28.5721762 
52.5282666 -28.5697945 
52.1991265 -28.5671521 
52.3071472 -28.5627677 
52.3833909 -28.5622059 
52.384764 -28.5596595 
52.2001895 -28.5586078 
52.3845108 -28.5586091 
52.1989248 -28.5550791 
52.3076998 -28.5512216 
52.7961815 -28.5483125 
51.9560318 -28.5460552 
52.792594 -28.5463659 
52.7985699 -28.5465858 
51.8094281 -28.5415977 
52.3160299 -28.5367722 
53.0162199 -28.5362533 
52.3167935 -28.538124 
52.7901934 -28.5360948 
52.3119395 -28.5348116 
51.8090229 -28.5284734 
52.3117039 -28.5288872 
52.3076941 -28.5284263 
52.3793961 -28.5256046 
52.3537107 -28.5241956 
52.3613132 -28.5219641 
53.3304806 -28.5200505 
53.4027832 -28.497943 
52.0080888 -28.4935341 
52.013383 -28.4928102 
52.1665263 -28.4931737 
52.1640536 -28.4928644 
52.0163773 -28.4914751 
52.0069892 -28.492029 
53.3346463 -28.4894374 
52.0012089 -28.488701 
51.9993488 -28.4860673 
51.9995232 -28.4854683 
52.3575821 -28.4858122 
52.0000355 -28.4853959 
52.0002095 -28.4848719 
52.370127 -28.4846416 
52.358354 -28.4844643 
52.3705549 -28.4841927 
52.3709854 -28.4828439 
52.3710735 -28.4818693 
52.3567419 -28.481536 
52.3704069 -28.4763938 
52.7403871 -28.4579895 
52.2331478 -28.455616 
51.6321586 -28.4462502 
53.3801586 -28.4432473 
51.636403 -28.4394594 
52.7209339 -28.442249 
51.9786682 -28.4394724 
52.7275746 -28.4154764 
52.725102 -28.4157021 
53.1529341 -28.4139988 
52.719389 -28.414429 
52.7282565 -28.4151012 
51.8468869 -28.4114376 
53.1467888 -28.4124451 
53.1485795 -28.412514 
53.1460193 -28.4119228 
52.7315809 -28.4133003 
52.7321773 -28.4125502 
53.1431258 -28.4131323 
53.1445683 -28.4115528 
52.71683 -28.4107553 
52.7323471 -28.4108254 
53.0681723 -28.40969 
52.7167445 -28.4100054 
53.157775 -28.4097828 
53.159902 -28.4088006 
53.1586249 -28.4091799 
53.1412309 -28.4086395 
51.8498276 -28.4059817 
53.098426 -28.4066768 
53.1588676 -28.4062546 
53.1031131 -28.4062125 
52.7170843 -28.4063309 
53.1600598 -28.4059505 
53.105749 -28.4044797 
51.71289 -28.4011069 
53.1065968 -28.4032773 
53.1038674 -28.4029108 
52.7325992 -28.4031765 
53.1421352 -28.4008378 
53.1428143 -28.4001607 
53.1070114 -28.4003515 
53.0875759 -28.4005604 
53.0876574 -28.3995853 
53.1078591 -28.3991491 
53.1071784 -28.3994511 
53.1446803 -28.3979798 
53.0875572 -28.3956113 
53.0879839 -28.39576 
53.088821 -28.3917082 
53.0905247 -28.3914032 
53.0925661 -28.3902723 
53.1035642 -28.3908388 
53.4611265 -28.3786235 
53.4625747 -28.3785403 
53.4625693 -28.3777905 
52.94294 -28.3781161 
52.9403829 -28.378046 
52.9373105 -28.376327 
53.4554686 -28.3740065 
52.945577 -28.3760114 
51.8671237 -28.3733926 
51.8630386 -28.3726933 
53.4545183 -28.3722122 
53.4551137 -28.3720589 
51.8755959 -28.3686437 
53.4674016 -28.3626909 
53.296876 -28.3597378 
53.1370112 -28.3584871 
53.1250664 -28.3342302 
53.1268539 -28.3338495 
52.5472621 -28.3341301 
52.7585502 -28.3317752 
52.7618709 -28.3291486 
52.6757401 -28.3289468 
52.0248149 -28.3258733 
52.0309611 -28.323728 
52.0285497 -28.3140433 
53.2815913 -28.3082894 
53.1300615 -28.3063183 
51.707345 -28.2984157 
53.1159783 -28.2989397 
52.3565304 -28.2982655 
53.1341118 -28.2973064 
52.9847321 -28.2977172 
52.9837946 -28.2974943 
53.1319831 -28.2973884 
53.1177577 -28.2966844 
53.1866504 -28.2956235 
53.1306129 -28.2955932 
53.1286476 -28.2940248 
53.1208986 -28.2941998 
53.129153 -28.2926734 
53.1240421 -28.29239 
52.3728173 -28.2913291 
52.4825062 -28.2915323 
52.4872731 -28.292739 
51.6985124 -28.2865803 
52.3725672 -28.2894539 
52.9835899 -28.2852715 
52.9841858 -28.2851952 
52.4989568 -28.2832313 
52.3518092 -28.2825815 
52.3520667 -28.2819072 
51.7504343 -28.2393271 
52.7143043 -28.2346057 
52.0652183 -28.2323264 
52.067441 -28.2306116 
52.8480209 -28.2316596 
52.8469132 -28.230911 
52.0655953 -28.2259541 
52.0642349 -28.225723 
52.0580255 -28.2251701 
52.8466498 -28.225662 
52.8468187 -28.2247619 
52.568763 -28.2236894 
52.8464771 -28.2240124 
52.570721 -28.223241 
52.5779563 -28.2221968 
52.8440905 -28.2216905 
52.6622141 -28.2215598 
52.5783815 -28.2225721 
52.8421321 -28.2210929 
52.843154 -28.2214667 
52.563747 -28.2187358 
52.5636629 -28.2177608 
52.6722573 -28.2162365 
52.6707256 -28.2148866 
52.5634129 -28.2129612 
52.5822215 -28.2116263 
52.5827303 -28.2135764 
52.5818817 -28.2110261 
52.5818825 -28.2101262 
52.5795869 -28.2079498 
52.5668218 -28.2084646 
53.3445393 -28.199043 
52.1837172 -28.1721406 
51.950611 -28.1647257 
52.9442119 -28.166193 
51.9114104 -28.1634621 
51.9099651 -28.163379 
51.9121758 -28.1634664 
51.9056471 -28.1606552 
51.9212973 -28.1605175 
52.9410546 -28.1620745 
52.9355248 -28.1617099 
52.9414783 -28.1613988 
53.0763782 -28.1604785 
53.0774 -28.1607756 
53.0829239 -28.1594848 
53.07646 -28.1595784 
53.0755241 -28.1595061 
51.9231916 -28.1572285 
51.9236205 -28.156706 
53.0726188 -28.1558399 
53.087839 -28.154671 
53.0847696 -28.1526553 
51.7490989 -28.1480608 
53.0758294 -28.1499815 
51.9066723 -28.148213 
51.9037757 -28.1489466 
53.7819687 -28.1457019 
51.9129768 -28.1465987 
51.911021 -28.1465877 
53.7923968 -28.1427689 
53.7928056 -28.1411909 
53.7774084 -28.1404144 
53.7772269 -28.1392911 
53.3509663 -28.1380465 
53.3414353 -28.1368926 
53.3462742 -28.1355946 
52.0463043 -28.1349053 
52.3977591 -28.1344286 
52.0397687 -28.1329253 
53.6020374 -28.1250506 
52.4098576 -28.1253041 
53.1545539 -28.1237123 
52.0361682 -28.1236099 
52.0536147 -28.1207659 
52.3914999 -28.1219671 
52.0422275 -28.1198137 
52.0446138 -28.1188499 
52.3915048 -28.1201673 
52.4053664 -28.1192959 
52.3938889 -28.1188975 
52.4046016 -28.1191444 
52.3951649 -28.1186751 
52.3958461 -28.1183016 
51.6987267 -28.1143421 
52.3992491 -28.1175587 
51.6957634 -28.1130462 
53.7706519 -28.1112993 
53.421115 -28.087971 
52.7832818 -28.0874398 
53.4244898 -28.0843534 
52.2104684 -28.0852465 
51.8173942 -28.0831931 
52.2101347 -28.0838206 
53.2679347 -28.0844325 
52.2065795 -28.0805088 
53.2558422 -28.0800589 
52.5899074 -28.0808471 
52.5773283 -28.0803882 
53.1995729 -28.0790067 
52.5820048 -28.0785918 
51.829609 -28.0753955 
52.5869344 -28.0786703 
52.7741782 -28.0776973 
53.0942547 -28.0755372 
52.1642929 -28.0722577 
52.1767045 -28.0714789 
52.7779973 -28.0713204 
51.8149674 -28.0679556 
53.1967216 -28.0692687 
52.1642256 -28.068583 
53.1973122 -28.0683666 
52.7843695 -28.069291 
53.3139678 -28.0642821 
52.1671393 -28.0634946 
51.5429418 -28.0555557 
53.3103594 -28.0575496 
52.4415526 -28.0588459 
52.4418116 -28.0570466 
53.3133968 -28.0538613 
52.4526097 -28.0542153 
52.5813498 -28.0518944 
52.585599 -28.0512975 
51.7177742 -28.0472895 
51.713963 -28.0459881 
52.6591017 -28.0492294 
52.673462 -28.0483312 
52.5884915 -28.0473999 
51.723831 -28.0444823 
52.6582524 -28.0470545 
51.7234089 -28.0441794 
52.6766911 -28.0445818 
53.3896216 -28.0422433 
53.3986253 -28.0419719 
52.6737175 -28.040757 
52.6597839 -28.0372309 
53.4018049 -28.0346815 
51.7269902 -28.0331063 
53.3888873 -28.0339233 
53.3882043 -28.0334019 
51.7251475 -28.0301691 
53.3994843 -28.0306442 
51.7232 -28.0294807 
53.4003298 -28.0300399 
53.3957398 -28.0296138 
53.3965038 -28.0295348 
51.7170112 -28.0281629 
52.5264323 -28.0099233 
52.5247355 -28.0085715 
52.3647287 -28.0023726 
52.530015 -27.9991285 
52.5358764 -27.9983849 
51.4825661 -27.992209 
51.4842715 -27.991549 
52.6938478 -27.9823383 
52.6918097 -27.9819635 
52.6894319 -27.9803888 
52.6619189 -27.9785878 
51.5222668 -27.9717025 
51.5208473 -27.9695161 
51.9632936 -27.9469518 
52.6878154 -27.9243703 
52.8068084 -27.924614 
52.8351543 -27.9233107 
52.868837 -27.9166701 
52.8692607 -27.9162946 
52.8700169 -27.9119441 
52.8676334 -27.9076728 
53.1016633 -27.9049117 
53.1087842 -27.9031651 
53.3735909 -27.9008963 
53.3187716 -27.8995844 
53.3937748 -27.8994443 
53.3978407 -27.8984485 
53.3140041 -27.8968316 
53.3267237 -27.8956482 
53.397476 -27.894626 
53.3983144 -27.8931219 
53.313051 -27.8934615 
53.3271318 -27.8929467 
53.401611 -27.8913051 
53.3236248 -27.8881637 
51.7520948 -27.8802313 
52.8656219 -27.8726547 
52.2635689 -27.8724452 
52.260263 -27.8718353 
52.2591664 -27.8702571 
53.1397724 -27.867146 
52.2572313 -27.8662018 
52.2561274 -27.8664983 
51.8898163 -27.8620401 
51.8916821 -27.8620507 
52.9749437 -27.862868 
52.273528 -27.8634761 
52.8702381 -27.844227 
53.4039872 -27.840751 
53.5200498 -27.8375489 
53.4043063 -27.8377498 
52.6887435 -27.8383554 
51.9924372 -27.8363425 
51.9840397 -27.8367505 
52.6897612 -27.8385053 
51.9916769 -27.8358888 
53.5153678 -27.8351775 
53.5270626 -27.8343569 
51.9909157 -27.8355851 
51.9880332 -27.8354957 
51.9909191 -27.8350602 
53.515358 -27.8339028 
52.6920509 -27.8373803 
53.5273034 -27.8326307 
53.5151792 -27.8327041 
52.6820439 -27.834981 
52.6948491 -27.8346804 
52.6946793 -27.8326557 
51.9949306 -27.8309558 
53.5267701 -27.8294846 
51.9961224 -27.8302118 
53.526083 -27.828364 
52.6876405 -27.8277067 
51.9959019 -27.8248866 
52.0232187 -27.8223943 
53.6356433 -27.8017845 
52.4461178 -27.7981104 
51.6998358 -27.7507477 
52.8577935 -27.75403 
52.4499654 -27.7434492 
52.4509833 -27.742926 
52.4603037 -27.7428662 
52.8571778 -27.7401577 
52.866158 -27.7395462 
52.8645469 -27.7387984 
52.4466758 -27.7366197 
53.5779351 -27.7321329 
51.8189307 -27.7326417 
53.5622431 -27.7191858 
52.9163421 -27.7122495 
52.9138839 -27.7114288 
52.9104897 -27.7085848 
53.4861667 -27.705699 
53.4914963 -27.7049183 
53.4857377 -27.7049517 
53.4867539 -27.7049458 
53.297043 -27.7049386 
53.4941097 -27.7033284 
53.1723695 -27.7046839 
52.9256389 -27.7030099 
53.1670209 -27.7018531 
51.8824574 -27.6992029 
53.1679495 -27.701175 
52.9253781 -27.7000108 
52.4547622 -27.6785166 
52.7853531 -27.6778386 
52.8707937 -27.677224 
52.8724023 -27.6770718 
52.8759583 -27.6767669 
52.8634129 -27.66906 
52.863993 -27.6615604 
53.6220639 -27.6538588 
53.6218139 -27.6543104 
52.19555 -27.6436585 
51.809674 -27.6411783 
52.1970774 -27.642839 
52.8880848 -27.64158 
52.2009005 -27.6397028 
52.8762203 -27.6341732 
52.8757119 -27.633874 
52.8734283 -27.634852 
52.023785 -27.6323055 
52.8794355 -27.6334188 
52.8873923 -27.6335573 
52.8735086 -27.6324522 
52.2013621 -27.6310809 
52.5395882 -27.6318363 
52.9689713 -27.5949447 
51.9360045 -27.5729261 
51.8294438 -27.5705916 
51.8258974 -27.5698201 
51.8833565 -27.554714 
51.8970962 -27.5376959 
53.2377854 -27.5131495 
52.9334041 -27.5095291 
52.6605724 -27.4885327 
52.447311 -27.4833136 
52.4473199 -27.4791895 
52.1011302 -27.4773563 
52.1013246 -27.4726332 
53.3874109 -27.4586377 
53.3871545 -27.4581891 
53.3322257 -27.4575552 
53.3863853 -27.4568433 
53.3255419 -27.4561615 
52.2069392 -27.3250933 
52.211921 -27.3245852 
52.2120073 -27.3241356 
52.212516 -27.3236124 
52.2137881 -27.3221921 
52.2148045 -27.3213707 
52.6143539 -27.3206313 
52.1945602 -27.3189026 
52.6260021 -27.3189119 
52.6148619 -27.3180822 
53.0417218 -27.3102896 
53.0418082 -27.3108892 
53.0424808 -27.3101377 
52.1963748 -27.3094615 
52.1988307 -27.3075206 
52.1980729 -27.3071431 
53.029812 -27.3069455 
52.1952052 -27.3068333 
53.048794 -27.3053976 
53.0474307 -27.3015023 
53.0476816 -27.3008268 
53.0464949 -27.2992553 
53.0307942 -27.2974957 
53.0302887 -27.2977219 
52.327643 -27.2962075 
53.0304533 -27.2964468 
53.0325587 -27.2951669 
53.0379547 -27.2938787 
52.3332277 -27.2913479 
53.1076495 -27.2077614 
53.106545 -27.2055905 
53.1096584 -27.2040816 
53.1039303 -27.2052984 
53.1078087 -27.2053617 
52.8678311 -27.1860141 
52.8683325 -27.1834643 
52.8683317 -27.1830144 
52.8700149 -27.1814377 
52.8513023 -27.1816114 
52.8695035 -27.1782144 
52.868493 -27.1787406 
52.8700921 -27.1773889 
52.868069 -27.1772417 
52.1924354 -28.966381 
52.2198352 -28.8927056 
52.3626085 -28.8605787 
52.3122207 -28.7749028 
52.838983 -28.7450237 
52.8701934 -28.74161 
52.6446982 -28.6655548 
52.5854767 -28.6620015 
52.3692863 -28.6559031 
53.1248878 -28.6212749 
52.6168697 -28.472459 
52.7342344 -27.9101872 
52.7155641 -27.9086181 
51.885628 -27.8779133 
53.316229 -28.7795477 
53.3064001 -28.7078402 
52.4928428 -28.7087677 
51.809018 -28.5290733 
52.6633569 -28.5035926 
53.3358389 -28.4891317 
52.3569223 -28.478312 
53.1573614 -28.4126337 
51.8489688 -28.4068013 
52.848355 -28.2275347 
52.5789911 -28.2080993 
53.7928721 -28.1393908 
52.3944436 -28.1340468 
52.6728679 -28.0400071 
53.3994019 -28.0310196 
52.5309497 -27.9988295 
52.8383337 -27.8918109 
52.8647171 -27.7392481 
53.3262926 -27.7099804 
52.910743 -27.7082095 
53.4834355 -27.7028653 
52.1059903 -27.4693532 
51.9881147 -27.4537474 
52.1942803 -27.3060803 
52.2268608 -28.9723488 
52.2041887 -28.9635741 
52.1801818 -28.9478934 
52.9114007 -28.9343096 
52.212833 -28.8881082 
52.2465957 -28.8826729 
52.3179529 -28.875236 
52.3575613 -28.8592171 
52.3693993 -28.8512976 
52.3545919 -28.8503629 
52.7210712 -28.8185126 
52.7239798 -28.8152877 
52.7288565 -28.8119121 
53.21546 -28.7976755 
53.2128043 -28.7970111 
52.0326324 -28.7938723 
52.0319488 -28.793719 
52.9217854 -28.9423136 
52.3546718 -28.8522375 
52.0342556 -28.7942549 
53.2818703 -28.7850272 
53.3195107 -28.7703853 
52.507277 -28.7700452 
53.2996503 -28.767703 
52.3775704 -28.7476978 
52.1641502 -28.6848198 
53.0154327 -28.6672508 
52.5970436 -28.624143 
53.3512313 -28.6178767 
52.5960567 -28.5764527 
52.8003101 -28.5763533 
52.5765025 -28.576364 
52.6882783 -28.5767795 
52.6593309 -28.5764028 
52.3150608 -28.5705125 
52.3083221 -28.5686196 
52.3115674 -28.5684035 
52.31286 -28.5649578 
52.3150834 -28.563914 
52.4161802 -28.5604741 
52.3127709 -28.5412625 
51.9691254 -28.5409504 
52.7924945 -28.5326436 
52.7921536 -28.5331688 
53.403288 -28.4968905 
52.1609781 -28.4936775 
53.3406075 -28.4876841 
51.7791762 -28.4144571 
51.8531798 -28.4024028 
52.8264592 -28.4011599 
52.7247551 -28.4010046 
53.5659135 -28.3950837 
51.8437353 -28.3892981 
53.4691778 -28.3725037 
53.4605075 -28.36378 
52.8159808 -28.338855 
53.1203913 -28.2951013 
53.1840875 -28.2939082 
52.4877835 -28.2931146 
52.9678271 -28.2820057 
52.3538556 -28.2816865 
52.5504 -28.2763162 
51.8582559 -28.2519383 
53.2263858 -28.2382556 
53.234112 -28.2344753 
53.2285511 -28.2288734 
51.9222268 -28.2215623 
51.9228198 -28.2219405 
52.3473233 -28.2191294 
51.9227834 -28.2150415 
52.5802637 -28.2122248 
52.7183814 -28.2091079 
52.6601749 -28.2046866 
51.9508346 -28.1693761 
51.8694693 -28.1648707 
51.7512688 -28.1527996 
51.8982139 -28.1536392 
53.3452543 -28.1356745 
52.0688346 -28.1206095 
52.0492876 -28.1192464 
53.4962486 -28.1104939 
53.258391 -28.0798983 
51.5804247 -28.0538354 
52.3086517 -28.0575007 
52.9486076 -28.0521984 
51.7276451 -28.0358853 
52.6656464 -28.0368568 
51.6403814 -28.0297808 
52.647142 -27.9828594 
51.8455646 -27.9687115 
52.0200581 -27.9644073 
52.0183026 -27.9599746 
52.1490496 -27.92402 
52.8671383 -27.9158475 
52.6817894 -27.9125968 
52.8387568 -27.8910605 
52.6968071 -27.8890487 
53.6679104 -27.8823176 
53.3881871 -27.8754017 
52.5301029 -27.8765928 
51.8455556 -27.8167884 
52.6588117 -27.8166063 
51.9636365 -27.7809308 
52.8647056 -27.7825173 
51.7412567 -27.751634 
51.832258 -27.7506452 
51.8345454 -27.7506592 
52.6865347 -27.747992 
51.6705749 -27.7361411 
51.8453504 -27.7339279 
51.8658572 -27.7330749 
51.8269501 -27.7254927 
53.5645182 -27.7177466 
52.1374184 -27.7065076 
53.1654991 -27.7024583 
52.8719252 -27.6465522 
52.1943731 -27.6418547 
52.5314656 -27.6295782 
52.0241055 -27.6213591 
52.2000061 -27.5555654 
52.198483 -27.5557101 
52.6858482 -27.5114798 
51.8254732 -27.4845637 
53.1843071 -27.485233 
52.4392217 -27.4720522 
52.7102705 -27.4636364 
52.1959034 -27.3204818 
52.3109567 -27.3147593 
52.3412695 -27.2562028 
53.0613671 -27.2088684 
52.8678017 -27.1688448 
53.5619696 -27.6752467
53.5082063 -27.6751261
52.4152508 -27.5619160
52.5711761 -27.5337818
52.7550536 -28.57661 
52.3163927 -28.5555193 
52.7550536 -28.57661 
52.3150834 -28.563914 
52.3163927 -28.5555193 
51.8533592 -27.7500227 
52.7550536 -28.57661 
52.3150834 -28.563914 
52.3163927 -28.5555193 
51.8533592 -27.7500227 
53.192737 -28.7337324 
52.658904 -28.5761028 
52.6640394 -28.5042676 
52.0043559 -28.4902163 
52.3703901 -28.4821677 
51.8615323 -28.3690851 
51.9223991 -28.2212633 
52.6658741 -28.2194605 
53.1894822 -28.1920536 
52.4007768 -28.1186117 
53.3993204 -28.0315449 
52.5272965 -27.9996504 
51.5191798 -27.9588545 
52.6070299 -27.9039525 
52.3158592 -27.8871412 
53.5156153 -27.8342762 
51.8240041 -27.72315 
52.6215311 -27.315011 
52.8661158 -27.1686971 
51.8727761 -28.1662399 
52.9675242 -28.1360754 
52.3121627 -28.5443352 
52.588379 -28.0790463 
52.8537333 -27.9182645 
53.38478 -27.8992652 
52.8380473 -27.8698388 
51.8545215 -27.7420812 
