357.0298442 -31.2924515 
357.0313362 -31.2924533 
356.9743506 -31.2646221 
356.9956801 -31.1737568 
356.9981345 -31.1737604 
357.0510883 -31.1675273 
357.1139345 -31.1673536 
357.1418984 -31.1609166 
356.9848464 -31.1570154 
356.9942447 -31.1469048 
357.4457332 -31.1170185 
357.4409128 -31.116203 
357.4484464 -31.1161131 
357.4509875 -31.1163329 
357.45896 -31.1165415 
357.4393364 -31.1163561 
357.4577953 -31.107394 
357.5143818 -31.1074888 
357.001548 -31.0869908 
357.5269085 -31.0830818 
356.9727314 -31.0499713 
357.3987969 -31.0072288 
357.4464719 -31.0019676 
357.4919743 -31.003069 
356.7579581 -30.9992625 
357.166472 -31.0160982 
356.7409819 -30.9811304 
356.7257572 -30.9819021 
356.7420312 -30.981209 
356.7293758 -30.97524 
357.5321821 -30.9673439 
356.9304217 -30.9627446 
356.6716912 -30.950574 
356.8692285 -30.9275842 
356.872026 -30.927666 
357.1757589 -30.9336745 
357.575832 -30.9255215 
356.9571751 -30.8946954 
356.9584861 -30.8946978 
356.7799561 -30.8884852 
356.9454135 -30.8456247 
357.2905555 -30.8453603 
356.9324106 -30.8407999 
356.9229755 -30.841231 
356.7746777 -30.8360447 
356.9245615 -30.8362843 
356.9319917 -30.8341242 
356.9242407 -30.8259338 
356.9385104 -30.8464366 
356.9348737 -30.8342798 
357.4355295 -30.8316656 
356.782117 -30.8119937 
357.5850773 -30.8153208 
357.002485 -30.7860196 
356.7679409 -30.7790998 
357.0013501 -30.786018 
356.9976588 -30.7545884 
356.910914 -30.7534579 
356.8502897 -30.7454403 
357.3300392 -30.7274257 
357.3073317 -30.7088491 
356.9844755 -30.6751463 
357.2269773 -30.6724492 
357.3395485 -30.6719921 
357.3551559 -30.6715231 
356.8984258 -30.669959 
357.3398764 -30.6588673 
356.9152085 -30.6554459 
356.9144262 -30.6546193 
356.743473 -30.6534744 
357.3409902 -30.6465666 
357.3051023 -30.5980063 
356.9296086 -30.6175272 
357.2930763 -30.5960666 
357.3037021 -30.5929828 
357.3085806 -30.5925285 
357.3023863 -30.5854845 
357.2554184 -30.5696931 
357.2606447 -30.5696903 
357.1020423 -30.5542334 
356.9814927 -30.5220762 
357.1831246 -30.521264 
