357.6947824 -31.8105502 
357.3175976 -31.8027891 
356.6894086 -31.7954551 
357.4495565 -31.7697759 
356.5859443 -31.6879223 
356.9772226 -31.6554242 
356.4083443 -31.638379 
357.5727458 -31.6515659 
357.0927138 -31.631601 
356.4082348 -31.6296819 
356.4058644 -31.6287687 
357.8433306 -31.6295973 
357.8572487 -31.6303448 
357.4676263 -31.5379937 
357.5723922 -31.5547019 
357.0634038 -31.5005305 
357.9059094 -31.4951877 
358.0261905 -31.4949384 
357.9660529 -31.4953395 
357.9014289 -31.4956642 
357.9439794 -31.4948799 
357.9608675 -31.4955977 
357.9341334 -31.4950911 
358.0238132 -31.4945799 
357.973084 -31.4949942 
357.894569 -31.4954798 
357.8959722 -31.4950217 
357.8961534 -31.4956954 
357.9049398 -31.4948936 
357.9633189 -31.4943824 
357.9066104 -31.4948836 
356.438722 -31.4950506 
358.0172961 -31.4934251 
358.0361963 -31.4930696 
357.9818596 -31.4930626 
357.983879 -31.4927494 
358.040848 -31.4922123 
358.0517532 -31.4925102 
357.9260259 -31.4928918 
358.0588385 -31.4796392 
356.8461048 -31.4701543 
356.8451426 -31.4685776 
357.371762 -31.4062423 
357.2280301 -31.4051479 
357.4142669 -31.4004598 
357.4104843 -31.3986683 
357.3673528 -31.399352 
358.0218601 -31.3786817 
356.8273676 -31.3658891 
357.001842 -31.3177536 
356.6980677 -31.3162499 
356.707569 -31.3113332 
356.9112545 -31.2829841 
356.2139636 -31.2338375 
357.4903015 -31.1745777 
357.3229936 -31.1745498 
357.9408867 -31.1691929 
357.6972783 -31.1698749 
357.338755 -31.1677777 
357.510081 -31.1675488 
357.5049104 -31.1674886 
357.8474525 -31.1662146 
358.2157022 -31.163897 
357.246824 -31.1671376 
358.2144631 -31.1627827 
357.7250224 -31.1640533 
357.9009772 -31.1643355 
357.9920839 -31.1619668 
358.0725085 -31.1610362 
357.1851266 -31.1637253 
357.6975859 -31.1625251 
358.1645667 -31.1586893 
357.6895175 -31.16136 
357.3050932 -31.1622765 
357.8573094 -31.1602365 
357.4186601 -31.1614055 
358.2243862 -31.1570763 
358.0475038 -31.1574653 
358.2022993 -31.1562101 
357.6523536 -31.1594134 
358.2124659 -31.156576 
358.2126369 -31.1561997 
357.2455893 -31.16024 
357.678816 -31.1593806 
357.8768319 -31.1580271 
357.8661422 -31.1580127 
357.8387086 -31.1568144 
356.6335196 -31.1572752 
357.7848211 -31.1565699 
357.8811081 -31.1558281 
357.1496346 -31.1577344 
358.2127826 -31.1535742 
357.8785685 -31.1559926 
357.8672635 -31.1556819 
356.911554 -31.1567863 
358.1871836 -31.1519097 
357.7693857 -31.1543966 
357.923215 -31.1513805 
357.8153689 -31.1521397 
357.1502475 -31.1536851 
357.689716 -31.1501866 
358.1867815 -31.1471893 
357.8938469 -31.1490809 
357.7448953 -31.1473153 
357.8939149 -31.1466061 
357.7565289 -31.1444109 
357.4279882 -31.1454881 
357.9331219 -31.1416474 
358.2134135 -31.1395478 
357.8647819 -31.1403993 
358.0535498 -31.1392023 
358.0141142 -31.1373756 
358.1947885 -31.1345275 
357.8722002 -31.1367583 
357.7156616 -31.1375511 
358.0350349 -31.1358077 
357.22559 -31.1385092 
358.2177352 -31.1344132 
358.2155457 -31.1344314 
357.8806824 -31.1348354 
356.3701378 -31.1348346 
357.4788585 -31.1359911 
358.0520925 -31.133364 
357.863861 -31.1344809 
357.4184982 -31.1360608 
357.8260926 -31.1325875 
358.2140948 -31.1300197 
358.0267543 -31.1307661 
357.7749947 -31.1282749 
358.0927461 -31.1257226 
357.8936735 -31.127112 
358.0809428 -31.1189108 
358.1748158 -31.1181184 
357.9769908 -31.1194008 
358.1670176 -31.1177307 
357.3145703 -31.1216968 
357.8470222 -31.1199524 
358.2041478 -31.1176553 
357.878901 -31.119699 
358.0416822 -31.1161913 
358.1866788 -31.113824 
357.3001975 -31.1173664 
357.8393735 -31.1160199 
357.2134792 -31.1121967 
358.0462561 -31.0905905 
357.9344333 -31.0570586 
357.9338708 -31.0525631 
357.9349141 -31.0517318 
357.4447724 -31.0241971 
357.641894 -31.0200574 
357.1517185 -31.0207341 
357.8707716 -31.0187421 
357.3991721 -31.0202476 
357.3006451 -31.0197334 
357.7840629 -31.0182279 
357.6159002 -31.018656 
357.1568809 -31.0193837 
357.3459673 -31.018244 
357.7484389 -31.0160008 
358.1627285 -31.0115165 
357.6910303 -31.0136336 
357.9039718 -31.0129266 
357.9901286 -31.0111899 
358.0769842 -31.0099157 
357.9079797 -31.0108784 
357.1817281 -31.0127789 
358.2116636 -31.006922 
357.9680597 -31.0084835 
357.9230101 -31.0088387 
358.0459115 -31.0080373 
357.8805845 -31.0092383 
358.078361 -31.0075813 
358.0512452 -31.0077749 
357.5680883 -31.0100498 
358.1857301 -31.0030849 
357.9619878 -31.0043231 
358.1844795 -31.0006956 
358.0336892 -31.0012988 
357.9237415 -31.0020108 
357.3454926 -31.0010727 
358.1258521 -30.9898327 
357.6054402 -30.9908742 
357.2135596 -30.9915429 
358.1896467 -30.9853576 
358.1896615 -30.9867072 
357.7150119 -30.9860845 
358.2569502 -30.9824707 
357.4882116 -30.986519 
357.6964457 -30.9820414 
357.2118904 -30.9822454 
357.9226625 -30.9770476 
357.8522657 -30.9774538 
357.1814506 -30.9793346 
358.1910651 -30.9711746 
358.0958459 -30.9715368 
358.152591 -30.971106 
357.8779426 -30.9729609 
357.21748 -30.9722688 
358.0200021 -30.9682499 
357.6729374 -30.9697676 
356.418363 -30.9655729 
357.9004308 -30.9636828 
357.7008695 -30.9608763 
357.1397296 -30.9465721 
356.7074468 -30.9686535 
356.3190347 -30.8522828 
356.572728 -30.8428347 
356.5614194 -30.8353614 
356.3669691 -30.8323299 
358.1488825 -30.8266438 
356.337583 -30.8274284 
356.3397739 -30.8264671 
357.4010074 -30.8279012 
356.338216 -30.8248078 
356.3367765 -30.8298979 
358.0892764 -30.8204943 
358.0694369 -30.8183132 
357.7131069 -30.8142248 
356.9348065 -30.8122596 
356.3594605 -30.7030115 
357.9991856 -30.6851752 
357.9695086 -30.6812434 
357.220724 -30.6762145 
357.9690144 -30.674498 
357.9713648 -30.6741081 
357.9682692 -30.668954 
356.8969396 -30.6628196 
356.898515 -30.660348 
356.0332173 -30.6528187 
356.9036706 -30.6552582 
356.9125637 -30.654449 
356.7304104 -30.6482332 
357.3443001 -30.6496075 
356.3472372 -30.641226 
356.3469819 -30.6404746 
356.3480486 -30.6379316 
356.347616 -30.6375541 
356.3509346 -30.6366743 
356.7326365 -30.6370672 
356.7091146 -30.6351174 
356.3503474 -30.6338964 
356.3506125 -30.6334481 
356.3479811 -30.6355317 
357.1387663 -30.5987036 
357.3024392 -30.5855529 
357.3013927 -30.5848044 
357.2702785 -30.5720167 
356.072933 -30.5684203 
357.2687924 -30.5679689 
356.9622884 -30.537996 
356.9609835 -30.5374694 
356.9813629 -30.5332961 
356.98293 -30.533298 
356.9551633 -30.5306376 
356.7008044 -30.5269603 
356.8791848 -30.5226358 
356.0558663 -30.5064968 
356.9698248 -30.5100362 
356.9497198 -30.5096338 
356.4485968 -30.506604 
357.5223316 -30.507857 
356.9505083 -30.5070105 
356.9518153 -30.5062625 
356.950423 -30.5061105 
356.0694217 -30.5003848 
356.9516394 -30.5071621 
356.5935355 -30.4695701 
356.131883 -30.4600155 
357.9388187 -30.4296426 
356.1537965 -30.4178934 
356.8133622 -30.4235841 
356.418851 -30.3993695 
356.7471507 -30.3896608 
357.129293 -30.3577754 
356.7770931 -30.3559294 
356.3128656 -30.3508337 
357.2068874 -30.3463603 
357.4679823 -30.3435653 
357.4822706 -30.3301069 
357.1994921 -30.3312175 
357.4800119 -30.3301128 
357.196538 -30.3307689 
357.4784458 -30.329442 
357.201056 -30.3313667 
356.2012307 -30.3230928 
356.7711393 -30.3220209 
356.8408221 -30.2888303 
356.596152 -30.2209431 
356.6231943 -30.1779393 
356.6136678 -30.1593075 
356.7462869 -30.131652 
357.702654 -30.1050864 
357.1681325 -30.059654 
356.8268133 -30.0283261 
356.8275085 -30.027578 
357.0972808 -30.0259875 
356.4538912 -30.0186 
356.9809819 -30.0204272 
356.6290609 -30.0192405 
356.5293765 -30.0081732 
357.8174054 -30.0067823 
356.751216 -30.0048099 
356.5906214 -30.0025932 
357.2008226 -29.9708742 
357.1923396 -29.9696034 
357.1994367 -29.9691505 
357.1949359 -29.9690775 
357.1979652 -29.9690762 
356.6114911 -29.9540221 
357.3349827 -29.9292092 
357.3471805 -29.9287407 
357.3466545 -29.9255178 
357.3446642 -29.925296 
356.973572 -29.896641 
356.9745262 -29.894918 
356.9828326 -29.8926039 
