53.1422522 -28.6863758 
52.9197154 -28.6670017 
52.3125855 -28.5702809 
52.3138721 -28.5685597 
52.3109679 -28.5689268 
51.8110241 -28.5657515 
51.8098345 -28.5650691 
52.3093605 -28.5646483 
52.314835 -28.5616638 
52.5250937 -28.404146 
52.5276542 -28.4021242 
53.0898533 -28.3941797 
52.5327079 -28.3849575 
52.4937949 -28.3618131 
52.4862781 -28.3246831 
53.1213265 -28.2947233 
52.4864276 -28.2893632 
52.3981016 -28.1335294 
53.1552337 -28.123635 
52.7750333 -28.083621 
52.2024079 -28.0820692 
52.7758824 -28.0826456 
51.7220932 -28.029773 
52.4013452 -27.9984772 
52.8669711 -27.9173476 
51.9928084 -27.8313202 
51.9060589 -27.7499518 
51.8533598 -27.7499477 
51.866445 -27.7337532 
52.9178647 -27.7112721 
52.9108992 -27.7019851 
51.9380418 -27.5718872 
52.4371609 -27.4863706 
52.4476522 -27.4818895 
52.1063526 -27.4806771 
52.1087791 -27.4693647 
52.313684 -28.5487634 
52.3100188 -28.5471788 
52.3152329 -28.5451683 
52.3082612 -28.5371261 
52.3314632 -27.8892813 
52.2075166 -28.8896641 
52.1967998 -28.553047 
52.7577852 -28.3342502 
52.5660521 -28.2119886 
53.5992703 -28.1295682 
52.5880374 -28.0809208 
52.6619058 -28.0491549 
52.6606312 -28.0488547 
51.8899672 -27.7491113 
51.8504523 -27.7424318 
52.915663 -27.7115758 
52.2000527 -27.6399998 
52.8752069 -27.6354494 
52.8744436 -27.6346256 
53.7857932 -28.0047019
53.1936805 -28.2074496
52.9074363 -28.0311242
53.2013106 -28.6327021
53.3731161 -28.4884234
53.3570918 -27.5019019
51.8563167 -28.603973 
52.4930269 -28.362412 
52.4981885 -28.2843552 
52.4439357 -28.0572003 
53.7539289 -28.0026283 
52.402618 -27.9989298 
51.989822 -27.8342299 
51.6863254 -27.7367047 
52.1038207 -27.4799918 
52.3160928 -27.3182968 
53.3712212 -28.3794803
53.2273950 -28.5208761
52.3173245 -27.6796494
53.2835513 -28.7796965 
53.017815 -28.6094337 
52.3155728 -28.5705889 
52.1986527 -28.0855056 
52.7977115 -28.0682306 
53.6760306 -27.8706369 
52.1984002 -27.5742312 
52.2088808 -28.8910184 
53.1393513 -28.6875853 
51.8285903 -28.3860553 
52.406445 -28.1297218 
52.7763944 -28.0849699 
52.8698219 -27.7513897 
52.163246 -28.8008072 
52.9186702 -27.4218982
52.3678572 -28.8516689 
52.0548504 -28.8130204 
52.6344171 -28.7236619 
52.3159812 -28.5510191 
52.3143628 -28.549965 
52.3717693 -28.4772967 
53.1425058 -28.4077354 
53.142554 -28.3991117 
52.3546745 -28.2924119 
52.3542519 -28.2913611 
51.696294 -28.2870893 
52.3930083 -28.1302192 
52.0331758 -28.1263704 
52.7938956 -28.0764078 
52.7744316 -28.0758223 
52.1737162 -28.0743925 
51.8370771 -27.7519493 
51.8792784 -27.7509246 
52.9165948 -27.7115742 
52.0220854 -27.6334222 
52.4075563 -27.2940619 
53.3635369 -27.8405807
52.5700443 -28.4644801
52.879203 -27.92333 
53.5898854 -27.7228323 
52.3145665 -28.5403675 
52.7308984 -28.4124007 
53.2618775 -28.2063903 
52.2611999 -27.8708632 
53.3889193 -28.0387974 
52.5772758 -28.2218213 
52.4978416 -28.7351675 
52.0192262 -28.610261 
52.5098129 -28.5763711 
52.8149977 -28.5767147 
53.2290911 -28.5354911 
52.5352339 -28.4076816 
52.740954 -28.4033232 
53.14008 -28.3986701 
52.493622 -28.3632377 
52.4995484 -28.3360247 
52.3518649 -28.2921802 
52.4901684 -28.292893 
52.3696187 -28.2784237 
53.1333859 -28.2259193 
52.0356757 -28.120683 
52.7752906 -28.0863205 
53.2711594 -28.0835188 
52.7970422 -28.078205 
52.7855599 -28.0698151 
52.6616507 -28.0499048 
52.5926562 -28.0459778 
53.7703442 -28.0052744 
53.6908593 -28.0051277 
52.4155356 -27.9956556 
51.8484047 -27.7442942 
52.1889205 -27.5568014 
53.1069888 -27.4264024 
52.1934314 -27.307202 
52.2053514 -27.3022943 
52.1955494 -27.3053349 
52.4096657 -27.294066 
53.3075162 -28.7086598 
53.3516612 -28.6183245 
52.199269 -28.5544805 
52.7173647 -28.4807184 
52.5284996 -28.4070744 
52.497278 -28.3681919 
53.1313068 -28.2985904 
52.2099601 -28.0461 
53.6485703 -28.00528 
52.3168803 -27.886244 
52.333806 -27.8731643 
52.3519199 -27.7199296 
52.9126125 -27.711056 
51.8100814 -27.6431304 
53.4455679 -27.4976228 
52.3497769 -27.6730567
52.7717273 -28.1961850
53.2747786 -28.4164498
53.2364974 -28.4163103
52.3666971 -27.9102133
53.3086616 -28.7290485 
53.3475651 -28.6189444 
53.0173 -28.6086101 
52.0015401 -28.4902773 
52.4786761 -28.2903268 
53.599439 -28.119444 
51.6737796 -27.737664 
51.748343 -27.7355601 
52.910981 -27.7006352 
52.1940211 -27.307429 
52.0045777 -28.4956162 
53.1013882 -27.9650547 
52.6872211 -27.9204708 
52.6219462 -27.4798232 
52.3110084 -28.5325595 
52.3800588 -28.5024356 
53.5689269 -27.9554232
52.3549841 -27.8829646
53.4087388 -28.2815796
52.0583781 -28.6923989 
52.3526223 -28.2951066 
52.3366236 -27.2582909 
52.8428230 -28.0003931
