356.9459237 -31.8150234 
357.5433877 -31.8141589 
357.4247773 -31.8134587 
357.4355437 -31.8134383 
357.4298948 -31.8130742 
357.4245108 -31.8127843 
357.6158275 -31.8113126 
356.7623779 -31.8114699 
357.4243306 -31.8112849 
357.3421731 -31.8124601 
356.8828389 -31.8103893 
357.4400349 -31.8098302 
357.4354445 -31.8092393 
357.3303397 -31.8072248 
356.9479828 -31.8034795 
356.9457782 -31.8029504 
356.9531088 -31.8002646 
356.7066727 -31.7984499 
356.9436707 -31.7989721 
356.7047324 -31.7982927 
356.704831 -31.7962684 
357.6838611 -31.7937453 
357.430865 -31.8128474 
357.6820063 -31.7765057 
357.6909759 -31.7712217 
357.3433792 -31.7409956 
356.8523931 -31.7360759 
356.8646556 -31.7343827 
356.8657198 -31.7325856 
356.8651923 -31.7321344 
356.5894024 -31.7303175 
356.5877606 -31.7250607 
356.5867027 -31.7250558 
356.9356879 -31.7154201 
356.9446812 -31.7149876 
356.5805441 -31.6956315 
356.5863604 -31.6957339 
356.5820047 -31.6877646 
356.5858817 -31.6878579 
357.5485316 -31.682166 
357.5472035 -31.6805199 
356.9830609 -31.6601619 
356.9754842 -31.6599246 
357.4980507 -31.6601009 
356.8738111 -31.6592659 
357.0297618 -31.6578283 
357.0494101 -31.6573261 
357.0288814 -31.6574523 
357.0546977 -31.6564318 
357.1615688 -31.6555985 
357.8592273 -31.6530199 
357.0258915 -31.6541489 
357.2253546 -31.6519962 
357.7098876 -31.64989 
357.0200832 -31.6505419 
357.122102 -31.6502599 
357.8524058 -31.6475812 
356.493825 -31.6468986 
357.042468 -31.6455448 
357.1621 -31.6461497 
357.1045744 -31.6456752 
357.8310507 -31.6420658 
357.1601628 -31.6431496 
356.53528 -31.6391674 
357.1269542 -31.6397635 
356.4371951 -31.6345065 
357.0926077 -31.6316434 
357.5244582 -31.6284631 
357.8383242 -31.6238067 
356.4231326 -31.6199505 
357.8370378 -31.6160142 
357.8374709 -31.6149622 
357.8436546 -31.6177803 
357.8405229 -31.6105972 
356.4181175 -31.6085971 
356.5978224 -31.5962008 
357.8667765 -31.587889 
357.8678216 -31.5863086 
357.8674869 -31.5764866 
356.4085435 -31.5736691 
356.8093098 -31.5512533 
357.3842485 -31.5482117 
356.4060721 -31.5425329 
356.4186774 -31.5288856 
356.409809 -31.5160837 
356.8795147 -31.5313427 
356.7224026 -31.5071716 
357.0298382 -31.5067923 
356.7272511 -31.5050143 
357.8660879 -31.5040519 
356.9972199 -31.4984987 
356.7929122 -31.4948835 
357.8430409 -31.4909726 
357.8341487 -31.4895177 
357.9515461 -31.4889494 
357.4196588 -31.4897321 
358.0413026 -31.4857606 
357.4250174 -31.4872475 
356.3941566 -31.4839665 
356.7294601 -31.4847737 
356.3145229 -31.4803007 
357.8729316 -31.4773931 
357.4379111 -31.4741739 
357.1741942 -31.4736659 
356.7523087 -31.4691793 
356.3854376 -31.4855622 
356.8496608 -31.4648224 
356.8553901 -31.4607876 
356.4903226 -31.4529518 
356.2471106 -31.4508788 
356.8948616 -31.434035 
357.1286623 -31.4444796 
357.0168042 -31.4178307 
357.0322731 -31.4168754 
357.0254131 -31.4199418 
357.388014 -31.4144143 
357.3887992 -31.4117132 
356.4063911 -31.3972744 
357.3646065 -31.3974243 
357.5321554 -31.3958108 
356.6518049 -31.3920799 
357.3760686 -31.4175072 
357.5253742 -31.3913289 
357.8244947 -31.3877237 
358.0481065 -31.3828255 
358.0157652 -31.3809375 
357.9924728 -31.3791352 
357.5012389 -31.3724156 
358.0069357 -31.3654702 
358.0058793 -31.3651769 
358.0021005 -31.3649008 
357.1916018 -31.3818709 
356.8511802 -31.3589317 
356.834904 -31.3429138 
356.8416707 -31.3415072 
358.0207392 -31.337184 
357.6763839 -31.3373727 
356.930464 -31.3354153 
357.6366797 -31.333917 
356.9307361 -31.3321909 
357.9507013 -31.3293677 
357.5038231 -31.3307109 
356.9885178 -31.3286933 
356.5536714 -31.326538 
356.9764928 -31.3270992 
357.5535859 -31.3254796 
357.5561304 -31.3250974 
356.8095078 -31.3255924 
356.81428 -31.3176566 
356.1696545 -31.3134292 
356.5169819 -31.3130781 
356.5012225 -31.3074455 
356.5021229 -31.3043005 
356.2907187 -31.3012789 
356.2064919 -31.2735182 
356.208966 -31.2718122 
356.2004531 -31.263648 
358.1656432 -31.2645483 
356.4253469 -31.2578223 
356.4329619 -31.2489426 
356.3273437 -31.2401076 
356.3259337 -31.2408482 
357.0151678 -31.2548584 
357.4850759 -31.2319828 
357.4776218 -31.2323747 
356.7787167 -31.238351 
357.5076587 -31.2182042 
356.8873783 -31.2160749 
357.5030731 -31.2105655 
357.5036785 -31.2080141 
357.7623639 -31.195574 
356.0746284 -31.1689587 
356.7491139 -31.1717303 
357.5032026 -31.1702908 
357.0041002 -31.1711441 
357.108498 -31.1699003 
357.0510883 -31.1675273 
356.6145226 -31.1649039 
357.8884533 -31.1624038 
357.886085 -31.1621167 
357.8891472 -31.1614251 
358.1962079 -31.1605218 
356.0617799 -31.1587234 
357.8898522 -31.1619463 
357.8892387 -31.1619496 
356.7943825 -31.1621261 
357.8817629 -31.158315 
358.2127239 -31.1562673 
357.8927147 -31.1579559 
358.2040543 -31.1403619 
356.1453057 -31.1569487 
358.2100562 -31.13634 
358.2139342 -31.1303848 
356.0561828 -31.1283775 
356.2140845 -31.1234371 
357.4577953 -31.107394 
357.5092928 -31.1049515 
357.5096421 -31.1046506 
357.5211997 -31.1033464 
358.0321346 -31.0883501 
356.2802445 -31.0841702 
357.9821134 -31.075467 
358.0178409 -31.0759931 
358.0240261 -31.0724285 
357.9283031 -31.0577862 
358.037239 -31.0617681 
358.0506528 -31.0832784 
357.8607973 -31.03153 
357.1642851 -31.0125728 
356.3182338 -31.0089099 
357.3987969 -31.0072288 
357.8921087 -31.0051147 
356.7549496 -31.0066774 
356.7017603 -31.004539 
357.8403816 -31.0025352 
357.8404666 -31.0021598 
357.5599585 -31.002517 
357.4464719 -31.0019676 
356.8506092 -31.0008114 
356.7579581 -30.9992625 
356.4670004 -30.9941474 
358.2429462 -30.9896878 
357.667171 -31.0082403 
356.7314298 -30.9846971 
356.7401089 -30.9807524 
356.7455571 -30.9754462 
356.7396162 -30.9739258 
356.1880037 -30.9629748 
357.5336519 -30.9626151 
357.6816132 -30.9584621 
357.6812568 -30.9571884 
357.5332317 -30.9673411 
357.1748839 -30.9380994 
356.2005434 -30.9258735 
356.3184369 -30.9195912 
356.8778107 -30.923255 
356.8689667 -30.9274335 
356.8681642 -30.8539326 
356.2081078 -30.8447869 
356.2044375 -30.8449842 
357.5797583 -30.8385113 
356.3009443 -30.8361534 
357.4731934 -30.8381884 
356.2752748 -30.835451 
357.8617831 -30.8369071 
358.0895416 -30.834929 
356.0250255 -30.8324809 
357.6724205 -30.8360995 
356.9995909 -30.8369395 
356.0595224 -30.8321095 
356.7746777 -30.8360447 
358.0840266 -30.8335421 
356.7643712 -30.8360116 
356.9245615 -30.8362843 
356.3554081 -30.8299886 
356.931555 -30.8341233 
356.9251849 -30.8319356 
356.6184551 -30.8302801 
358.2296993 -30.8261585 
358.0822028 -30.8253053 
357.6642528 -30.8271299 
357.4377896 -30.8275364 
356.0786843 -30.8213254 
357.5788871 -30.8177394 
357.5784311 -30.8130159 
357.0023971 -30.7863195 
357.8392555 -30.7994484 
356.5317055 -30.745051 
356.5285758 -30.7433853 
357.3324015 -30.731773 
356.4787262 -30.7470235 
357.8455547 -30.7253208 
357.852928 -30.7192838 
357.8464456 -30.7153419 
357.7381738 -30.7121686 
357.964785 -30.6795189 
357.9509885 -30.6770504 
356.5776958 -30.6759035 
357.9695074 -30.6812155 
357.1751815 -30.6754543 
357.7446669 -30.6738183 
356.9078279 -30.6750043 
356.0742657 -30.6687554 
356.9067849 -30.6738771 
357.9462387 -30.6718285 
356.1663194 -30.6691331 
357.8378611 -30.6715879 
357.6688783 -30.6705197 
356.9004262 -30.6716134 
357.883788 -30.6685765 
357.3032717 -30.6696292 
357.6614515 -30.667397 
356.4138608 -30.6650608 
357.6096529 -30.6656246 
357.9674949 -30.6696785 
356.9184267 -30.6580774 
357.3363005 -30.6579714 
357.3424035 -30.6580394 
356.743473 -30.6534744 
358.197419 -30.6472561 
356.7332009 -30.6503643 
356.7334667 -30.6494653 
356.7312329 -30.6426329 
356.7533686 -30.6436833 
356.7370237 -30.6346285 
357.9633957 -30.6265068 
357.7042895 -30.6241875 
357.7546567 -30.6233789 
357.5302072 -30.61231 
357.5309874 -30.611183 
357.5317625 -30.6086312 
357.7029823 -30.6241927 
357.2923882 -30.6042417 
357.2973547 -30.6040876 
357.3051023 -30.5980063 
356.2068502 -30.5934031 
357.3037021 -30.5929828 
357.2851448 -30.5932229 
357.2848824 -30.5922482 
357.3085806 -30.5925285 
357.2882747 -30.586921 
357.2665749 -30.5783863 
357.2564693 -30.5775671 
356.1349238 -30.5673474 
357.2716202 -30.5702088 
356.883747 -30.5698817 
356.3411002 -30.5430476 
356.3383994 -30.5334313 
356.3090706 -30.5323378 
357.0069917 -30.5271385 
356.3318141 -30.5299389 
356.3904646 -30.5225852 
356.3244883 -30.5313906 
357.1889576 -30.5192393 
356.6583747 -30.5144188 
357.4738839 -30.5148026 
357.4260028 -30.5139985 
357.6781677 -30.5096979 
357.3093479 -30.5106338 
356.6300394 -30.5071019 
356.6458858 -30.5062686 
357.5235558 -30.5047857 
356.6510367 -30.5035151 
357.8116235 -30.5256287 
356.6575053 -30.498517 
356.6568102 -30.4982892 
357.7827668 -30.4630702 
357.4318787 -30.4626926 
356.8073223 -30.4475935 
356.7995067 -30.444271 
357.9154329 -30.4390046 
357.0142193 -30.4305578 
357.019264 -30.4305644 
357.9177579 -30.4245189 
357.9988283 -30.4167691 
357.9948989 -30.4044954 
356.0650581 -30.384026 
356.7881863 -30.4054668 
356.5163225 -30.4013577 
357.8409767 -30.3746813 
357.8313148 -30.3726293 
356.3260032 -30.3632027 
356.9024346 -30.3788437 
356.8007418 -30.3539119 
356.3387888 -30.3521881 
357.1887822 -30.3529828 
356.8085683 -30.3526599 
357.6611107 -30.3519811 
356.3131797 -30.3494706 
357.1893905 -30.3525329 
357.8264725 -30.3503068 
357.2059896 -30.3522317 
357.206337 -30.3511068 
356.8021543 -30.3484419 
358.0692147 -30.3456037 
356.7996418 -30.3465598 
357.8573709 -30.3449789 
357.7464901 -30.3442222 
357.4673798 -30.3443621 
356.3874434 -30.3425955 
357.4514774 -30.3443199 
356.3175892 -30.3518994 
356.6991161 -30.3435247 
356.3987493 -30.3413142 
356.1290915 -30.3389681 
357.4671137 -30.3424879 
356.7771607 -30.3405674 
356.1236437 -30.3366746 
356.3902742 -30.3365389 
357.1844374 -30.33791 
357.4757846 -30.3362452 
357.1846978 -30.344509 
356.7765818 -30.3337417 
356.955505 -30.3251064 
356.9778476 -30.31862 
356.3667193 -30.2869792 
357.9066099 -30.2831561 
357.2110962 -30.26562 
356.4699081 -30.2603638 
357.3367409 -30.2686874 
356.8371515 -30.2362101 
357.1937288 -30.2354776 
357.5272356 -30.2168196 
357.2863245 -30.2153451 
357.2909243 -30.2156415 
357.541284 -30.2140083 
357.5276579 -30.2135193 
357.4051223 -30.2122785 
356.806866 -30.1906109 
357.4870424 -30.1847491 
357.8970133 -30.1831067 
357.3206475 -30.1843467 
357.9523306 -30.1798733 
356.4129261 -30.178311 
357.9813694 -30.1775274 
356.9948977 -30.1779734 
356.9964598 -30.1776758 
357.2973019 -30.1767198 
356.9916939 -30.1751194 
356.3541725 -30.1719542 
356.6602181 -30.1643117 
357.8331375 -30.1526928 
356.426033 -30.1443468 
356.4339449 -30.1416181 
356.4385425 -30.1413444 
356.4217432 -30.1277518 
357.1216713 -30.128685 
356.4391862 -30.1032594 
356.4390298 -30.1010841 
356.894328 -30.1023568 
357.2095801 -30.0873858 
356.8223449 -30.0444441 
356.4980826 -30.0365518 
357.6369499 -30.0360901 
357.1586388 -30.0256025 
356.7657111 -30.0202831 
356.4538741 -30.018545 
356.5772709 -30.0193223 
357.7933568 -30.0188221 
357.7627889 -30.0191085 
357.8292036 -30.0180534 
356.4601168 -30.0175298 
357.2475835 -30.0174199 
357.1364703 -30.0180981 
357.3892661 -30.0169053 
356.6979284 -30.014876 
357.7560063 -30.0144144 
357.7351367 -30.0144274 
357.6331234 -30.0140602 
356.9171128 -30.0143069 
356.937552 -30.0136724 
356.9178083 -30.0133336 
356.9170336 -30.0116826 
356.6104083 -30.0099494 
356.9190328 -30.0089875 
356.9176454 -30.0096595 
356.9887961 -30.0247809 
356.7490897 -30.0188794 
357.2848909 -29.9986539 
357.0807331 -29.9856753 
357.0813401 -29.984851 
357.0810831 -29.9823767 
357.1987344 -29.9767963 
356.9898929 -29.9548313 
357.3476737 -29.9509096 
357.354496 -29.9424293 
357.3456438 -29.926846 
356.7806924 -29.9182919 
356.9882394 -29.9174927 
356.9849521 -29.9174128 
356.9734547 -29.9134212 
356.9861827 -29.9081183 
356.9855772 -29.9081173 
357.1636085 -29.8957496 
357.4167629 -29.8896319 
356.7318129 -29.8818476 
356.7275037 -29.878759 
356.7273422 -29.8763595 
356.7360092 -29.8721911 
357.5358724 -29.870106 
356.7064479 -29.869913 
356.7552214 -29.8686567 
356.7455449 -29.8669755 
356.6279864 -29.8612087 
356.7529231 -29.8606277 
357.2170501 -29.8555652 
