#Angstrom PHOTLAM 
3955.0 2.2193796781065692e-29 
3962.91 2.136699798723992e-29 
3970.82 2.057423080287416e-29 
3978.73 1.981401254961304e-29 
3986.64 1.9084927870549157e-29 
3994.55 1.8385625580659258e-29 
4002.46 1.771481566790709e-29 
4010.37 1.7071266437685953e-29 
4018.28 1.6453801793639693e-29 
4026.19 1.5861298648240003e-29 
4034.1 1.5292684456825894e-29 
4042.01 1.4746934869114074e-29 
4049.92 1.4223071492492258e-29 
4057.83 1.372015976167512e-29 
4065.7400000000002 1.3237306909580312e-29 
4073.65 1.2773660034523698e-29 
4081.56 1.2328404259080979e-29 
4089.4700000000003 1.1900760976182168e-29 
4097.38 1.1489986178234925e-29 
4105.29 1.109536886526404e-29 
4113.2 1.0716229528261442e-29 
4121.11 1.0351918704121959e-29 
4129.02 1.0001815598719739e-29 
4136.93 9.665326774846143e-30 
4144.84 9.341884901891248e-30 
4152.75 9.030947564303689e-30 
4160.66 8.731996126008064e-30 
4168.57 8.444534648094508e-30 
4176.4800000000005 8.168088857229823e-30 
4184.39 7.902205162359258e-30 
4192.3 7.646449717390287e-30 
4200.21 7.400407527659627e-30 
4208.12 7.163681598091446e-30 
4216.03 6.935892121059181e-30 
4223.9400000000005 6.716675702055198e-30 
4231.85 6.505684621370605e-30 
4239.76 6.302586130067238e-30 
4247.67 6.10706177861443e-30 
4255.58 5.918806776637217e-30 
4263.49 5.737529382299884e-30 
4271.4 5.562950319917956e-30 
4279.31 5.394802224464846e-30 
4287.22 5.2328291116953795e-30 
4295.13 5.0767858726799524e-30 
4303.04 4.9264377915926975e-30 
4310.95 4.781560085658439e-30 
4318.86 4.641937466212466e-30 
4326.77 4.507363719880718e-30 
4334.68 4.377641308932197e-30 
4342.59 4.252580989903462e-30 
4350.5 4.132001449638507e-30 
4358.41 4.01572895792551e-30 
4366.32 3.903597035955219e-30 
4374.2300000000005 3.795446139858971e-30 
4382.14 3.6911233586240544e-30 
4390.05 3.590482125712354e-30 
4397.96 3.493381943747078e-30 
4405.87 3.399688121655714e-30 
4413.78 3.3092715236925786e-30 
4421.6900000000005 3.222008329787532e-30 
4429.6 3.1377798066970602e-30 
4437.51 3.0564720894552176e-30 
4445.42 2.977975972650091e-30 
4453.33 2.9021867110705912e-30 
4461.24 2.8290038292913525e-30 
4469.15 2.7583309397841167e-30 
4477.06 2.6900755691635833e-30 
4484.97 2.6241489921930356e-30 
4492.88 2.5604660731949568e-30 
4500.79 2.49894511452651e-30 
4508.7 2.439507711797408e-30 
4516.61 2.3820786155215846e-30 
4524.52 2.326585598910217e-30 
4532.43 2.272959331525737e-30 
4540.34 2.221133258531142e-30 
4548.25 2.1710434852805044e-30 
4556.16 2.1226286670088284e-30 
4564.07 2.0758299033910537e-30 
4571.9800000000005 2.030590637750395e-30 
4579.89 1.986856560706611e-30 
4587.8 1.9445755180652863e-30 
4595.71 1.9036974227569208e-30 
4603.62 1.8641741706462548e-30 
4611.53 1.8259595600376447e-30 
4619.4400000000005 1.7890092147125275e-30 
4627.35 1.7532805103427218e-30 
4635.26 1.71873250412871e-30 
4643.17 1.6853258675218135e-30 
4651.08 1.6530228218934175e-30 
4658.99 1.6217870770225154e-30 
4666.9 1.591583772277754e-30 
4674.81 1.5623794203766774e-30 
4682.72 1.5341418536100902e-30 
4690.63 1.5068401724248024e-30 
4698.54 1.480444696262729e-30 
4706.45 1.4549269165600653e-30 
4714.36 1.4302594518134868e-30 
4722.27 1.4064160046257852e-30 
4730.18 1.383371320647076e-30 
4738.09 1.3611011493316881e-30 
4746.0 1.3395822064349046e-30 
4753.91 1.3187921381768315e-30 
4761.82 1.2987094870050784e-30 
4769.7300000000005 1.2793136588899283e-30 
4777.64 1.2605848920906264e-30 
4785.55 1.2425042273322545e-30 
4793.46 1.2250534793380026e-30 
4801.37 1.2082152096622236e-30 
4809.28 1.1919727007740762e-30 
4817.1900000000005 1.1763099313428369e-30 
4825.1 1.1612115526792638e-30 
4833.01 1.1466628662896475e-30 
4840.92 1.1326498025007459e-30 
4848.83 1.1191589001170336e-30 
4856.74 1.1061772870731978e-30 
4864.65 1.0936926620465998e-30 
4872.56 1.081693276997179e-30 
4880.47 1.0701679206035673e-30 
4888.38 1.0591059025658799e-30 
4896.29 1.0484970387479405e-30 
4904.2 1.0383316371332661e-30 
4912.11 1.0286004845704254e-30 
4920.02 1.0192948342852782e-30 
4927.93 1.0104063941393398e-30 
4935.84 1.0019273156149844e-30 
4943.75 9.938501835091389e-31 
4951.66 9.861680063194756e-31 
4959.57 9.788742073082232e-31 
4967.4800000000005 9.719626162294874e-31 
4975.39 9.654274617086397e-31 
4983.3 9.592633642627432e-31 
4991.21 9.534653299524292e-31 
4999.12 9.480287446577812e-31 
5007.03 9.42949368971176e-31 
5014.9400000000005 9.38223333702104e-31 
5022.85 9.33847135989863e-31 
5030.76 9.298176360221853e-31 
5038.67 9.26132054357938e-31 
5046.58 9.227879698550278e-31 
5054.49 9.197833182048326e-31 
5062.4 9.17116391076403e-31 
5070.31 9.147858358756265e-31 
5078.22 9.127906561250489e-31 
5086.13 9.111302124725125e-31 
5094.04 9.09804224338353e-31 
5101.95 9.088127722115284e-31 
5109.86 9.081563006085368e-31 
5117.77 9.078356217089827e-31 
5125.68 9.078519196848852e-31 
5133.59 9.082067557419238e-31 
5141.5 9.089020738933721e-31 
5149.41 9.099402074893488e-31 
5157.32 9.113238865260002e-31 
5165.2300000000005 9.130562457626587e-31 
5173.14 9.151408336756097e-31 
5181.05 9.175816222819432e-31 
5188.96 9.203830178678346e-31 
5196.87 9.235498726594118e-31 
5204.78 9.27087497477584e-31 
5212.6900000000005 9.310016754208993e-31 
5220.6 9.352986766242875e-31 
5228.51 9.399852741453213e-31 
5236.42 9.450687610329514e-31 
5244.33 9.505569686390729e-31 
5252.24 9.564582862357674e-31 
5260.150000000001 9.627816820080172e-31 
5268.06 9.695367254946151e-31 
5275.97 9.767336115569546e-31 
5283.88 9.84383185960298e-31 
5291.79 9.924969726582036e-31 
5299.7 1.00108720287781e-30 
5307.61 1.0101668461103146e-30 
5315.52 1.019749643118453e-30 
5323.43 1.0298501410811911e-30 
5331.34 1.0404837310036534e-30 
5339.25 1.0516666875306835e-30 
5347.16 1.063416211310962e-30 
5355.07 1.0757504740706377e-30 
5362.9800000000005 1.0886886665654294e-30 
5370.89 1.1022510495932396e-30 
5378.8 1.1164590082626914e-30 
5386.71 1.1313351097256763e-30 
5394.62 1.1469031645995087e-30 
5402.53 1.1631882923177544e-30 
5410.4400000000005 1.180216990669403e-30 
5418.35 1.1980172098022077e-30 
5426.26 1.2166184309884897e-30 
5434.17 1.2360517504725948e-30 
5442.08 1.2563499687425032e-30 
5449.99 1.2775476855951611e-30 
5457.900000000001 1.2996814013909187e-30 
5465.81 1.3227896249227223e-30 
5473.72 1.3469129883582579e-30 
5481.63 1.3720943697474956e-30 
5489.54 1.3983790236246723e-30 
5497.45 1.4258147202753482e-30 
5505.36 1.4544518942823117e-30 
5513.27 1.484343803010512e-30 
5521.18 1.515546695743838e-30 
5529.09 1.5481199942398857e-30 
5537.0 1.5821264855301883e-30 
5544.91 1.6176325278571548e-30 
5552.82 1.6547082707091253e-30 
5560.7300000000005 1.69342788999145e-30 
5568.64 1.733869839452848e-30 
5576.55 1.7761171195767494e-30 
5584.46 1.820257565242562e-30 
5592.37 1.866384153568436e-30 
5600.28 1.914595333460105e-30 
5608.1900000000005 1.9649953785145428e-30 
5616.1 2.017694765061293e-30 
5624.01 2.0728105772714078e-30 
5631.92 2.1304669414212952e-30 
5639.83 2.1907954915737256e-30 
5647.74 2.2539358691230973e-30 
5655.650000000001 2.320036258860839e-30 
5663.56 2.389253964434941e-30 
5671.47 2.4617560263241053e-30 
5679.38 2.537719885708707e-30 
5687.29 2.6173340979103045e-30 
5695.2 2.700799099384774e-30 
5703.11 2.788328032597645e-30 
5711.02 2.8801476334822756e-30 
5718.93 2.97649918659254e-30 
5726.84 3.077639553505635e-30 
5734.75 3.183842280515695e-30 
5742.66 3.295398792197384e-30 
5750.57 3.412619677992364e-30 
5758.4800000000005 3.535836079615036e-30 
5766.39 3.665401187767467e-30 
5774.3 3.801691857414169e-30 
5782.21 3.945110351706988e-30 
5790.12 4.096086225561744e-30 
5798.03 4.255078360889963e-30 
5805.9400000000005 4.4225771665942354e-30 
5813.85 4.5991069576328206e-30 
5821.76 4.7852285287929796e-30 
5829.67 4.981541940253884e-30 
5837.58 5.188689533625595e-30 
5845.49 5.407359198898605e-30 
5853.400000000001 5.638287914666394e-30 
5861.31 5.88226558610077e-30 
5869.22 6.14013920749806e-30 
5877.13 6.41281737877099e-30 
5885.04 6.70127520809244e-30 
5892.95 7.006559636009714e-30 
5900.86 7.329795219773835e-30 
5908.77 7.672190420413465e-30 
5916.68 8.035044439256096e-30 
5924.59 8.419754655194237e-30 
5932.5 8.827824719086926e-30 
5940.41 9.26087336728598e-30 
5948.32 9.720644022493449e-30 
5956.2300000000005 1.0209015257000126e-29 
5964.14 1.0728012200936066e-29 
5972.05 1.1279818986571557e-29 
5979.96 1.1866792328963213e-29 
5987.87 1.2491476353557597e-29 
5995.78 1.315661879273238e-29 
6003.6900000000005 1.3865188685904465e-29 
6011.6 1.4620395731832837e-29 
6019.51 1.542571145729726e-29 
6027.42 1.6284892383572053e-29 
6035.33 1.7202005391289463e-29 
6043.24 1.818145550557041e-29 
6051.150000000001 1.9228016346965452e-29 
6059.06 2.0346863520074167e-29 
6066.97 2.1543611240984163e-29 
6074.88 2.2824352537300783e-29 
6082.79 2.419570339080476e-29 
6090.7 2.5664851233286336e-29 
6098.61 2.7239608251175475e-29 
6106.52 2.8928470004904335e-29 
6114.43 3.074067992511342e-29 
6122.34 3.268630031045701e-29 
6130.25 3.477629052181518e-29 
6138.16 3.7022593145965954e-29 
6146.07 3.9438228989303303e-29 
6153.9800000000005 4.203740186001107e-29 
6161.89 4.4835614206787915e-29 
6169.8 4.784979480481691e-29 
6177.71 5.109843981722336e-29 
6185.62 5.460176871437416e-29 
6193.53 5.838189670622972e-29 
6201.4400000000005 6.246302553692765e-29 
6209.35 6.68716547086051e-29 
6217.26 7.163681544608862e-29 
6225.17 7.679032998904995e-29 
6233.08 8.23670991074767e-29 
6240.99 8.840542108414417e-29 
6248.900000000001 9.494734579948908e-29 
6256.81 1.020390679952546e-28 
6264.72 1.0973136429053253e-28 
6272.63 1.180800790841099e-28 
6280.54 1.2714666510946073e-28 
6288.45 1.3699878512230512e-28 
6296.36 1.477109820066792e-28 
6304.27 1.593654254962532e-28 
6312.18 1.7205274473731778e-28 
6320.09 1.8587295708462847e-28 
6328.0 2.0093650483979737e-28 
6335.91 2.1736541313482375e-28 
6343.82 2.352945838553734e-28 
6351.7300000000005 2.548732424162274e-28 
6359.64 2.7626655637736988e-28 
6367.55 2.996574473587038e-28 
6375.46 3.2524862051609153e-28 
6383.37 3.532648390286153e-28 
6391.28 3.8395547467010274e-28 
6399.1900000000005 4.17597369661055e-28 
6407.1 4.544980496884585e-28 
6415.01 4.949993333262055e-28 
6422.92 5.3948138917903485e-28 
6430.83 5.883672990171575e-28 
6438.74 6.421281930938394e-28 
6446.650000000001 7.012890328825035e-28 
6454.56 7.664351268041264e-28 
6462.47 8.382194763261002e-28 
6470.38 9.173710633202349e-28 
6478.29 1.0047042050255672e-27 
6486.2 1.1011291206599447e-27 
6494.11 1.2076638740020312e-27 
6502.02 1.3254478795136539e-27 
6509.93 1.4557571862379905e-27 
6517.84 1.6000217843217022e-27 
6525.75 1.7598452141612956e-27 
6533.66 1.9370267985798673e-27 
6541.57 2.1335868649001926e-27 
6549.4800000000005 2.3517953772398868e-27 
6557.39 2.5942044609128832e-27 
6565.3 2.863685371732437e-27 
6573.21 3.1634705447719497e-27 
6581.12 3.497201451446926e-27 
6589.03 3.8689831026414e-27 
6596.9400000000005 4.283446161340217e-27 
6604.85 4.745817773551846e-27 
6612.76 5.2620023943672135e-27 
6620.67 5.83867408050068e-27 
6628.58 6.48338194587434e-27 
6636.49 7.204670737792707e-27 
6644.400000000001 8.012218793852702e-27 
6652.31 8.916995990832155e-27 
6660.22 9.931444704447138e-27 
6668.13 1.1069687272440692e-26 
6676.04 1.2347764004041847e-26 
6683.95 1.378390641933769e-26 
6691.86 1.5398851147692256e-26 
6699.77 1.721620078289408e-26 
6707.68 1.9262839005149855e-26 
6715.59 2.1569408460976008e-26 
6723.5 2.4170861270512438e-26 
6731.41 2.710709364183308e-26 
6739.32 3.0423677953765876e-26 
6747.2300000000005 3.4172707869841404e-26 
6755.14 3.841377462226864e-26 
6763.05 4.3215095622293633e-26 
6770.96 4.865482008981147e-26 
6778.87 5.482254054312118e-26 
6786.78 6.182104385793719e-26 
6794.6900000000005 6.976834132269041e-26 
6802.6 7.880002383747471e-26 
6810.51 8.907199630816978e-26 
6818.42 1.0076365459024451e-25 
6826.33 1.1408157929417225e-25 
6834.24 1.292638336792518e-25 
6842.150000000001 1.4658496809586049e-25 
6850.06 1.6636185141657818e-25 
6857.97 1.8896047113505633e-25 
6865.88 2.148038689164007e-25 
6873.79 2.443814080794042e-25 
6881.7 2.782596046453599e-25 
6889.61 3.1709479523215927e-25 
6897.52 3.616479644424646e-25 
6905.43 4.1280211296501e-25 
6913.34 4.715826171460964e-25 
6921.25 5.391811134077327e-25 
6929.16 6.169835391243846e-25 
6937.07 7.066030784597906e-25 
6944.9800000000005 8.0991890085644335e-25 
6952.89 9.29121745739913e-25 
6960.8 1.0667676048143353e-24 
6968.71 1.2258409894104926e-24 
6976.62 1.4098295523262407e-24 
6984.53 1.6228121706427703e-24 
6992.4400000000005 1.869562999177105e-24 
7000.35 2.1556744868820938e-24 
7008.26 2.487702926739857e-24 
7016.17 2.8733408029835924e-24 
7024.08 3.321621031355673e-24 
7031.99 3.843159187041337e-24 
7039.900000000001 4.4504410154085664e-24 
7047.81 5.1581639645107915e-24 
7055.72 5.9836432161721526e-24 
7063.63 6.947294785892274e-24 
7071.54 8.073210785537284e-24 
7079.45 9.389844987645384e-24 
7087.360000000001 1.0930830506755474e-23 
7095.27 1.2735955856030128e-23 
7103.18 1.4852331010617806e-23 
7111.09 1.7335781612683697e-23 
7119.0 2.0252517331014152e-23 
7126.91 2.3681129938639887e-23 
7134.82 2.7714988259737624e-23 
7142.7300000000005 3.2465111207899884e-23 
7150.64 3.8063617238006564e-23 
7158.55 4.466786933237159e-23 
7166.46 5.2465459959287905e-23 
7174.37 6.168021128583595e-23 
7182.28 7.257940353429698e-23 
7190.1900000000005 8.548249026365936e-23 
7198.1 1.0077161540671039e-22 
7206.01 1.1890431540374625e-22 
7213.92 1.4042887358673186e-22 
7221.83 1.3756797014716026e-22 
7229.74 1.3475786695524361e-22 
7237.650000000001 1.319978235040447e-22 
7245.56 1.292871068943276e-22 
7253.47 1.2662499181452046e-22 
7261.38 1.2401076051961623e-22 
7269.29 1.2144370280903273e-22 
7277.2 1.1892311600344794e-22 
7285.110000000001 1.164483049206337e-22 
7293.02 1.1401858185030611e-22 
7300.93 1.1163326652800913e-22 
7308.84 1.0929168610805699e-22 
7316.75 1.069931751355491e-22 
7324.66 1.0473707551748163e-22 
7332.57 1.0252273649297021e-22 
7340.4800000000005 1.0034951460260872e-22 
7348.39 9.821677365698037e-23 
7356.3 9.612388470433916e-23 
7364.21 9.407022599748674e-23 
7372.12 9.205518295985647e-23 
7380.03 9.007814815083109e-23 
7387.9400000000005 8.813852123030784e-23 
7395.85 8.62357089225344e-23 
7403.76 8.436912497922994e-23 
7411.67 8.253819014201596e-23 
7419.58 8.074233210417141e-23 
7427.49 7.898098547173343e-23 
7435.400000000001 7.725359172396109e-23 
7443.31 7.555959917318259e-23 
7451.22 7.3898462924041e-23 
7459.13 7.22696448321621e-23 
7467.04 7.067261346225894e-23 
7474.95 6.91068440456918e-23 
7482.860000000001 6.757181843750365e-23 
7490.77 6.606702507294775e-23 
7498.68 6.459195892352401e-23 
7506.59 6.314612145254595e-23 
7514.5 6.172902057025074e-23 
7522.41 1.9954948937483922e-22 
7530.32 1.9590002747687485e-22 
7538.2300000000005 1.9230812445204045e-22 
7546.14 1.8877305103235942e-22 
7554.05 1.8529408402836806e-22 
7561.96 1.8187050633046208e-22 
7569.87 1.7850160690928005e-22 
7577.78 1.7518668081513492e-22 
7585.6900000000005 1.7192502917650012e-22 
7593.6 1.6871595919757057e-22 
7601.51 1.6555878415490374e-22 
7609.42 1.6245282339315533e-22 
7617.33 1.5939740231992094e-22 
7625.24 1.5639185239969728e-22 
7633.150000000001 1.5343551114697128e-22 
7641.06 1.5052772211845573e-22 
7648.97 1.4766783490447458e-22 
7656.88 1.4485520511952112e-22 
7664.79 1.4208919439199123e-22 
7672.7 1.393691703531116e-22 
7680.610000000001 1.3669450662506985e-22 
7688.52 1.3406458280836611e-22 
7696.43 1.314787844683884e-22 
7704.34 6.033491166581001e-22 
7712.25 5.949099316676034e-22 
7720.16 5.865679142115052e-22 
7728.07 5.783222604780304e-22 
7735.9800000000005 5.701721690132257e-22 
7743.89 5.621168407716937e-22 
7751.8 5.54155479166575e-22 
7759.71 5.462872901187891e-22 
7767.62 5.385114821055387e-22 
7775.53 5.308272662080552e-22 
7783.4400000000005 5.232338561586068e-22 
7791.35 5.157304683867574e-22 
7799.26 5.083163220648682e-22 
7807.17 5.009906391528555e-22 
7815.08 4.937526444422009e-22 
7822.99 4.86601565599203e-22 
7830.900000000001 4.795366332074795e-22 
7838.81 4.725570808097237e-22 
7846.72 4.656621449486948e-22 
7854.63 4.588510652074733e-22 
7862.54 4.521230842489515e-22 
7870.45 4.454774478545809e-22 
7878.360000000001 4.389134049623619e-22 
7886.27 4.324302077040887e-22 
7894.18 4.26027111441843e-22 
7902.09 4.1970337480373535e-22 
7910.0 4.134582597189056e-22 
7917.91 4.072910314517706e-22 
7925.82 4.012009586355309e-22 
7933.7300000000005 3.9518731330493e-22 
7941.64 3.8924937092827653e-22 
7949.55 3.8338641043872043e-22 
7957.46 3.775977142647896e-22 
7965.37 3.7188256836020005e-22 
7973.28 3.662402622329155e-22 
7981.1900000000005 3.606700889734889e-22 
7989.1 3.5517134528266415e-22 
7997.01 3.4974333149825317e-22 
8004.92 3.44385351621288e-22 
8012.83 3.390967133414496e-22 
8020.74 3.3387672806177434e-22 
8028.650000000001 3.287247109226483e-22 
8036.56 3.2363998082508493e-22 
8044.47 3.186218604532875e-22 
8052.38 3.136696762965113e-22 
8060.29 3.087827586702151e-22 
8068.2 3.039604417365154e-22 
8076.110000000001 2.9920206352393993e-22 
8084.02 2.945069659464923e-22 
8091.93 2.898744948220187e-22 
8099.84 2.8530399988989426e-22 
8107.75 2.807948348280251e-22 
8115.66 2.7634635726917205e-22 
8123.57 2.4197321864587074e-21 
8131.4800000000005 2.3988359672390007e-21 
8139.39 2.378070786026369e-21 
8147.3 2.357436298173946e-21 
8155.21 2.336932155692617e-21 
8163.12 2.3165580072869417e-21 
8171.03 2.296313498391213e-21 
8178.9400000000005 2.27619827120561e-21 
8186.85 2.256211964732488e-21 
8194.76 2.2363542148127234e-21 
8202.67 2.2166246541622155e-21 
8210.58 2.197022912408443e-21 
8218.49 2.1775486161271355e-21 
8226.4 2.1582013888790135e-21 
8234.31 2.1389808512466392e-21 
8242.22 2.1198866208713095e-21 
8250.130000000001 2.100918312490071e-21 
8258.04 2.0820755379727827e-21 
8265.95 2.0633579063592297e-21 
8273.86 2.0447650238963305e-21 
8281.77 2.026296494075402e-21 
8289.68 2.007951917669468e-21 
8297.59 1.9897308927706252e-21 
8305.5 1.971633014827458e-21 
8313.41 1.953657876682509e-21 
8321.32 1.93580506860977e-21 
8329.23 1.9180741783522214e-21 
8337.14 1.900464791159411e-21 
8345.05 1.882976489825055e-21 
8352.960000000001 1.8656088547246573e-21 
8360.87 1.848361463853168e-21 
8368.78 1.8312338928626416e-21 
8376.69 1.814225715099918e-21 
8384.6 1.7973365016443184e-21 
8392.51 1.7805658213453333e-21 
8400.42 1.7639132408603296e-21 
8408.33 1.747378324692237e-21 
8416.24 1.7309606352272535e-21 
8424.15 1.7146597327725187e-21 
8432.06 1.6984751755937862e-21 
8439.97 1.6824065199530786e-21 
8447.880000000001 1.6664533201463208e-21 
8455.79 1.650615128540952e-21 
8463.7 1.6348914956135038e-21 
8471.61 1.6192819699871512e-21 
8479.52 1.6037860984692326e-21 
8487.43 1.5884034260887237e-21 
8495.34 1.57313349613367e-21 
8503.25 1.5579758501885849e-21 
8511.16 1.5429300281717823e-21 
8519.07 1.5279955683726632e-21 
8526.98 1.5131720074889485e-21 
8534.89 1.4984588806638519e-21 
8542.8 1.4838557215231732e-21 
8550.710000000001 1.4693620622123531e-21 
8558.62 1.454977433433444e-21 
8566.53 1.4407013644819827e-21 
8574.44 1.4265333832838316e-21 
8582.35 1.4124730164318964e-21 
8590.26 1.398519789222795e-21 
8598.17 1.3846732256934105e-21 
8606.08 1.3709328486573703e-21 
8613.99 1.3572981797414223e-21 
8621.9 1.3437687394217224e-21 
8629.81 1.3303440470600027e-21 
8637.72 1.3170236209396679e-21 
8645.630000000001 1.3038069783017448e-21 
8653.54 1.2906936353807682e-21 
8661.45 1.2776831074404926e-21 
8669.36 1.26477490880955e-21 
8677.27 1.2519685529169465e-21 
8685.18 1.2392635523274526e-21 
8693.09 1.2266594187768629e-21 
8701.0 1.214155663207128e-21 
8708.91 1.2017517958013572e-21 
8716.82 1.1894473260186776e-21 
8724.73 1.1772417626289689e-21 
8732.64 1.1651346137474464e-21 
8740.55 1.153125386869105e-21 
8748.460000000001 1.1412135889030142e-21 
8756.37 1.1293987262064732e-21 
8764.28 1.1176803046189958e-21 
8772.19 1.1060578294961604e-21 
8780.1 1.094530805743291e-21 
8788.01 1.08309873784898e-21 
8795.92 1.0717611299184482e-21 
8803.83 1.0605174857067459e-21 
8811.74 1.0493673086517766e-21 
8819.65 1.0383101019071549e-21 
8827.56 1.027345368374891e-21 
8835.47 1.016472610737902e-21 
8843.380000000001 1.0056913314923371e-21 
8851.29 9.950010329797394e-22 
8859.2 9.844012174190014e-22 
8867.11 9.738913869381569e-22 
8875.02 9.63471043605975e-22 
8882.93 9.531396894633614e-22 
8890.84 9.428968265545807e-22 
8898.75 9.327419569582717e-22 
8906.66 9.226745828182744e-22 
8914.57 9.126942063742515e-22 
8922.48 9.028003299921216e-22 
8930.39 8.929924561942696e-22 
8938.3 8.832700876895788e-22 
8946.210000000001 8.736327274032323e-22 
8954.12 8.640798785063284e-22 
8962.03 8.546110444452588e-22 
8969.94 8.4522572897089555e-22 
8977.85 8.359234361675628e-22 
8985.76 8.2670367048178145e-22 
8993.67 8.17565936750804e-22 
9001.58 8.085097402309282e-22 
9009.49 7.995345866255912e-22 
9017.4 7.906399821132333e-22 
9025.31 7.818254333749517e-22 
9033.22 7.730904476219148e-22 
9041.130000000001 7.64434532622553e-22 
9049.04 7.558571967295292e-22 
9056.95 7.473579489064598e-22 
9064.86 7.389362987544232e-22 
9072.77 7.3059175653822545e-22 
9080.68 7.223238332124309e-22 
9088.59 7.141320404471605e-22 
9096.5 7.0601589065365065e-22 
9104.41 6.979748970095702e-22 
9112.32 6.900085734841076e-22 
9120.23 6.821164348628082e-22 
9128.14 6.742979967721708e-22 
9136.05 6.665527757040033e-22 
9143.960000000001 6.588802890395325e-22 
9151.87 6.512800550732749e-22 
9159.78 6.437515930366484e-22 
9167.69 6.362944231213484e-22 
9175.6 6.289080665024722e-22 
9183.51 6.215920453613927e-22 
9191.42 6.143458829083837e-22 
9199.33 6.071691034049993e-22 
9207.24 6.000612321861912e-22 
9215.15 5.930217956821842e-22 
9223.06 5.860503214400952e-22 
9230.97 5.791463381452979e-22 
9238.880000000001 5.723093756425297e-22 
9246.79 5.655389649567652e-22 
9254.7 5.588346383137972e-22 
9262.61 5.521959291605985e-22 
9270.52 5.456223721854049e-22 
9278.43 5.391135033375531e-22 
9286.34 5.326688598470577e-22 
9294.25 5.262879802439292e-22 
9302.16 5.199704043772409e-22 
9310.07 5.1371567343393e-22 
9317.98 5.075233299573448e-22 
9325.89 5.01392917865537e-22 
9333.8 4.953239824692873e-22 
9341.710000000001 4.893160704898807e-22 
9349.62 4.833687300766216e-22 
9357.53 4.7748151082407955e-22 
9365.44 4.716539637890949e-22 
9373.35 4.658856415075083e-22 
9381.26 4.601760980106448e-22 
9389.17 4.54524888841528e-22 
9397.08 4.489315710708463e-22 
9404.99 4.433957033126494e-22 
9412.9 4.379168457397977e-22 
9420.81 4.324945600991466e-22 
9428.72 4.271284097264743e-22 
9436.630000000001 4.2181795956115307e-22 
9444.54 4.165627761605638e-22 
9452.45 4.113624277142508e-22 
9460.36 4.062164840578217e-22 
9468.27 4.0112451668659347e-22 
9476.18 3.9608609876897773e-22 
9484.09 3.9110080515961665e-22 
9492.0 3.861682124122557e-22 
9499.91 3.8128789879237347e-22 
9507.82 3.764594442895468e-22 
9515.73 3.7168243062956964e-22 
9523.64 3.6695644128631513e-22 
9531.55 3.6228106149335124e-22 
9539.460000000001 3.5765587825529456e-22 
9547.37 3.5308048035893127e-22 
9555.28 3.4855445838406667e-22 
9563.19 3.440774047141429e-22 
9571.1 3.3964891354659767e-22 
9579.01 3.3526858090298365e-22 
9586.92 3.3093600463883414e-22 
9594.83 3.2665078446472335e-22 
9602.74 3.2341047064998116e-22 
9610.65 1.9282804954370863e-20 
9618.56 7.879883918666304e-20 
9626.47 3.888179720751367e-20 
9634.380000000001 3.1657664887779596e-20 
9642.29 3.1657663451101165e-20 
9650.2 3.1657663451101165e-20 
9658.11 3.1657663451101165e-20 
9666.02 3.1657663451101165e-20 
9673.93 3.1657663451101165e-20 
9681.84 3.1657663451101165e-20 
9689.75 3.1657663451101165e-20 
9697.66 3.1657663451101165e-20 
9705.57 3.1657663451101165e-20 
9713.48 3.1657663451101165e-20 
9721.39 3.1657663451101165e-20 
9729.3 3.1657663451101165e-20 
9737.210000000001 3.1657663451101165e-20 
9745.12 3.1657663451101165e-20 
9753.03 3.1657663451101165e-20 
9760.94 3.1657663451101165e-20 
9768.85 3.1657663451101165e-20 
9776.76 3.1657663451101165e-20 
9784.67 3.1657663451101165e-20 
9792.58 3.1657663451101165e-20 
9800.49 3.1657663451101165e-20 
9808.4 3.1657663451101165e-20 
9816.31 3.1657663451101165e-20 
9824.22 3.1657663451101165e-20 
9832.130000000001 3.1657663451101165e-20 
9840.04 3.1657663451101165e-20 
9847.95 3.1657663451101165e-20 
9855.86 3.1657663451101165e-20 
9863.77 3.1657663451101165e-20 
9871.68 3.1657663451101165e-20 
9879.59 3.1657663451101165e-20 
9887.5 3.1657663451101165e-20 
9895.41 3.1657663451101165e-20 
9903.32 3.1657663451101165e-20 
9911.23 3.1657663451101165e-20 
9919.14 3.1657663451101165e-20 
9927.05 3.1657663451101165e-20 
9934.960000000001 3.1657663451101165e-20 
9942.87 3.1657663451101165e-20 
9950.78 3.1657663451101165e-20 
9958.69 3.1657663451101165e-20 
9966.6 3.1657663451101165e-20 
9974.51 3.1657663451101165e-20 
9982.42 3.1657663451101165e-20 
9990.33 3.1657663451101165e-20 
9998.24 3.1657663451101165e-20 
10006.15 3.1657663451101165e-20 
10014.06 3.1657663451101165e-20 
10021.97 3.1657663451101165e-20 
10029.880000000001 3.1657663451101165e-20 
10037.79 3.1657663451101165e-20 
10045.7 3.1657663451101165e-20 
10053.61 3.1657663451101165e-20 
10061.52 3.1657663451101165e-20 
10069.43 3.1657663451101165e-20 
10077.34 3.1657663451101165e-20 
10085.25 3.1657663451101165e-20 
10093.16 3.1657663451101165e-20 
10101.07 3.1657663451101165e-20 
10108.98 3.1657663451101165e-20 
10116.89 3.1657663451101165e-20 
10124.8 3.1657663451101165e-20 
10132.710000000001 3.1657663451101165e-20 
10140.62 3.1657663451101165e-20 
10148.53 3.1657663451101165e-20 
10156.44 3.1657663451101165e-20 
10164.35 3.1657663451101165e-20 
10172.26 3.1657663451101165e-20 
10180.17 3.1657663451101165e-20 
10188.08 3.1657663451101165e-20 
10195.99 3.1657663451101165e-20 
10203.9 3.1657663451101165e-20 
10211.81 3.1657663451101165e-20 
10219.72 3.1657663451101165e-20 
10227.630000000001 3.1657663451101165e-20 
10235.54 3.1657663451101165e-20 
10243.45 3.1657663451101165e-20 
10251.36 3.1657663451101165e-20 
10259.27 3.1657663451101165e-20 
10267.18 3.1657663451101165e-20 
10275.09 3.1657663451101165e-20 
10283.0 3.1657663451101165e-20 
10290.91 3.1657663451101165e-20 
10298.82 3.1657663451101165e-20 
10306.73 3.1657663451101165e-20 
10314.64 3.1657663451101165e-20 
10322.550000000001 3.1657663451101165e-20 
10330.460000000001 3.1657663451101165e-20 
10338.37 3.1657663451101165e-20 
10346.28 3.1657663451101165e-20 
10354.19 3.1657663451101165e-20 
10362.1 3.1657663451101165e-20 
10370.01 3.1657663451101165e-20 
10377.92 3.1657663451101165e-20 
10385.83 3.1657663451101165e-20 
10393.74 3.1657663451101165e-20 
10401.65 3.1657663451101165e-20 
10409.56 3.1657663451101165e-20 
10417.47 3.1657663451101165e-20 
10425.380000000001 3.1657663451101165e-20 
10433.29 3.1657663451101165e-20 
10441.2 3.1657663451101165e-20 
10449.11 3.1657663451101165e-20 
10457.02 3.1657663451101165e-20 
10464.93 3.1657663451101165e-20 
10472.84 3.1657663451101165e-20 
10480.75 3.1657663451101165e-20 
10488.66 3.1657663451101165e-20 
10496.57 3.1657663451101165e-20 
10504.48 3.1657663451101165e-20 
10512.39 3.1657663451101165e-20 
10520.300000000001 3.1657663451101165e-20 
10528.210000000001 3.1657663451101165e-20 
10536.12 3.1657663451101165e-20 
10544.03 3.1657663451101165e-20 
10551.94 3.1657663451101165e-20 
10559.85 3.1657663451101165e-20 
10567.76 3.1657663451101165e-20 
10575.67 3.1657663451101165e-20 
10583.58 3.1657663451101165e-20 
10591.49 3.1657663451101165e-20 
10599.4 3.1657663451101165e-20 
10607.31 3.1657663451101165e-20 
10615.22 3.1657663451101165e-20 
10623.130000000001 3.1657663451101165e-20 
10631.04 3.1657663451101165e-20 
10638.95 3.1657663451101165e-20 
10646.86 3.1657663451101165e-20 
10654.77 3.1657663451101165e-20 
10662.68 3.1657663451101165e-20 
10670.59 3.1657663451101165e-20 
10678.5 3.1657663451101165e-20 
10686.41 3.1657663451101165e-20 
10694.32 3.1657663451101165e-20 
10702.23 3.1657663451101165e-20 
10710.14 3.1657663451101165e-20 
10718.050000000001 3.1657663451101165e-20 
10725.960000000001 3.1657663451101165e-20 
10733.87 3.1657663451101165e-20 
10741.78 3.1657663451101165e-20 
10749.69 3.1657663451101165e-20 
10757.6 3.1657663451101165e-20 
10765.51 3.1657663451101165e-20 
10773.42 3.1657663451101165e-20 
10781.33 3.1657663451101165e-20 
10789.24 3.1657663451101165e-20 
10797.15 3.1657663451101165e-20 
10805.06 3.1657663451101165e-20 
10812.97 3.1657663451101165e-20 
10820.880000000001 3.1657663451101165e-20 
10828.79 3.1657663451101165e-20 
10836.7 3.1657663451101165e-20 
10844.61 3.1657663451101165e-20 
10852.52 3.1657663451101165e-20 
10860.43 3.1657663451101165e-20 
10868.34 3.1657663451101165e-20 
10876.25 3.1657663451101165e-20 
10884.16 3.1657663451101165e-20 
10892.07 3.1657663451101165e-20 
10899.98 3.1657663451101165e-20 
10907.89 3.1657663451101165e-20 
10915.800000000001 3.1657663451101165e-20 
10923.710000000001 3.1657663451101165e-20 
10931.62 3.1657663451101165e-20 
10939.53 3.1657663451101165e-20 
10947.44 3.1657663451101165e-20 
10955.35 3.1657663451101165e-20 
10963.26 3.1657663451101165e-20 
10971.17 3.1657663451101165e-20 
10979.08 3.1657663451101165e-20 
10986.99 3.1657663451101165e-20 
10994.9 3.1657663451101165e-20 
11002.81 3.1657663451101165e-20 
11010.72 3.1657663451101165e-20 
11018.630000000001 3.1657663451101165e-20 
11026.54 3.1657663451101165e-20 
11034.45 3.1657663451101165e-20 
11042.36 3.1657663451101165e-20 
11050.27 3.1657663451101165e-20 
11058.18 3.1657663451101165e-20 
11066.09 3.1657663451101165e-20 
11074.0 3.1657663451101165e-20 
11081.91 3.1657663451101165e-20 
11089.82 3.1657663451101165e-20 
11097.73 3.1657663451101165e-20 
11105.64 3.1657663451101165e-20 
11113.550000000001 3.1657663451101165e-20 
11121.460000000001 3.1657663451101165e-20 
11129.37 3.1657663451101165e-20 
11137.28 3.1657663451101165e-20 
11145.19 3.1657663451101165e-20 
11153.1 3.1657663451101165e-20 
11161.01 3.1657663451101165e-20 
11168.92 3.1657663451101165e-20 
11176.83 3.1657663451101165e-20 
11184.74 3.1657663451101165e-20 
11192.65 3.1657663451101165e-20 
11200.56 3.1657663451101165e-20 
11208.47 3.1657663451101165e-20 
11216.380000000001 3.1657663451101165e-20 
11224.29 3.1657663451101165e-20 
11232.2 3.1657663451101165e-20 
11240.11 3.1657663451101165e-20 
11248.02 3.1657663451101165e-20 
11255.93 3.1657663451101165e-20 
11263.84 3.1657663451101165e-20 
11271.75 3.1657663451101165e-20 
11279.66 3.1657663451101165e-20 
11287.57 3.1657663451101165e-20 
11295.48 3.1657663451101165e-20 
11303.39 3.1657663451101165e-20 
11311.300000000001 3.1657663451101165e-20 
11319.210000000001 3.1657663451101165e-20 
11327.12 3.1657663451101165e-20 
11335.03 3.1657663451101165e-20 
11342.94 3.1657663451101165e-20 
11350.85 3.1657663451101165e-20 
11358.76 3.1657663451101165e-20 
11366.67 3.1657663451101165e-20 
11374.58 3.1657663451101165e-20 
11382.49 3.1657663451101165e-20 
11390.4 3.1657663451101165e-20 
11398.31 3.1657663451101165e-20 
11406.22 3.1657663451101165e-20 
11414.130000000001 3.1657663451101165e-20 
11422.04 3.1657663451101165e-20 
11429.95 3.1657663451101165e-20 
11437.86 3.1657663451101165e-20 
11445.77 3.1657663451101165e-20 
11453.68 3.1657663451101165e-20 
11461.59 3.1657663451101165e-20 
11469.5 3.1657663451101165e-20 
11477.41 3.1657663451101165e-20 
11485.32 3.1657663451101165e-20 
11493.23 3.1657663451101165e-20 
11501.14 3.1657663451101165e-20 
11509.050000000001 3.1657663451101165e-20 
11516.960000000001 3.1657663451101165e-20 
11524.87 3.1657663451101165e-20 
11532.78 3.1657663451101165e-20 
11540.69 3.1657663451101165e-20 
11548.6 3.1657663451101165e-20 
11556.51 3.1657663451101165e-20 
11564.42 3.1657663451101165e-20 
11572.33 3.1657663451101165e-20 
11580.24 3.1657663451101165e-20 
11588.15 3.1657663451101165e-20 
11596.06 3.1657663451101165e-20 
11603.97 3.1657663451101165e-20 
11611.880000000001 3.1657663451101165e-20 
11619.79 3.1657663451101165e-20 
11627.7 3.1657663451101165e-20 
11635.61 3.1657663451101165e-20 
11643.52 3.1657663451101165e-20 
11651.43 3.1657663451101165e-20 
11659.34 3.1657663451101165e-20 
11667.25 3.1657663451101165e-20 
11675.16 3.1657663451101165e-20 
11683.07 3.1657663451101165e-20 
11690.98 3.1657663451101165e-20 
11698.89 3.1657663451101165e-20 
11706.800000000001 3.1657663451101165e-20 
11714.710000000001 3.1657663451101165e-20 
11722.62 3.1657663451101165e-20 
11730.53 3.1657663451101165e-20 
11738.44 3.1657663451101165e-20 
11746.35 3.1657663451101165e-20 
11754.26 3.1657663451101165e-20 
11762.17 3.1657663451101165e-20 
11770.08 3.1657663451101165e-20 
11777.99 3.1657663451101165e-20 
11785.9 3.1657663451101165e-20 
11793.81 3.1657663451101165e-20 
11801.72 3.1657663451101165e-20 
11809.630000000001 3.1657663451101165e-20 
11817.54 3.1657663451101165e-20 
11825.45 3.1657663451101165e-20 
11833.36 3.1657663451101165e-20 
11841.27 3.1657663451101165e-20 
11849.18 3.1657663451101165e-20 
11857.09 3.1657663451101165e-20 
11865.0 3.1657663451101165e-20 
11872.91 3.1657663451101165e-20 
11880.82 3.1657663451101165e-20 
11888.73 3.1657663451101165e-20 
11896.64 3.1657663451101165e-20 
11904.550000000001 3.1657663451101165e-20 
11912.460000000001 3.1657663451101165e-20 
11920.37 3.1657663451101165e-20 
11928.28 3.1657663451101165e-20 
11936.19 3.1657663451101165e-20 
11944.1 3.1657663451101165e-20 
11952.01 3.1657663451101165e-20 
11959.92 3.1657663451101165e-20 
11967.83 3.1657663451101165e-20 
11975.74 3.1657663451101165e-20 
11983.65 3.1657663451101165e-20 
11991.56 3.1657663451101165e-20 
11999.47 3.1657663451101165e-20 
12007.380000000001 3.1657663451101165e-20 
12015.29 3.1657663451101165e-20 
12023.2 3.1657663451101165e-20 
12031.11 3.1657663451101165e-20 
12039.02 3.1657663451101165e-20 
12046.93 3.1657663451101165e-20 
12054.84 3.1657663451101165e-20 
12062.75 3.1657663451101165e-20 
12070.66 3.1657663451101165e-20 
12078.57 3.1657663451101165e-20 
12086.48 3.1657663451101165e-20 
12094.39 3.1657663451101165e-20 
12102.300000000001 3.1657663451101165e-20 
12110.210000000001 3.1657663451101165e-20 
12118.12 3.1657663451101165e-20 
12126.03 3.1657663451101165e-20 
12133.94 3.1657663451101165e-20 
12141.85 3.1657663451101165e-20 
12149.76 3.1657663451101165e-20 
12157.67 3.1657663451101165e-20 
12165.58 3.1657663451101165e-20 
12173.49 3.1657663451101165e-20 
12181.4 3.1657663451101165e-20 
12189.31 3.1657663451101165e-20 
12197.22 3.1657663451101165e-20 
12205.130000000001 3.1657663451101165e-20 
12213.04 3.1657663451101165e-20 
12220.95 3.1657663451101165e-20 
12228.86 3.1657663451101165e-20 
12236.77 3.1657663451101165e-20 
12244.68 3.1657663451101165e-20 
12252.59 3.1657663451101165e-20 
12260.5 3.1657663451101165e-20 
12268.41 3.1657663451101165e-20 
12276.32 3.1657663451101165e-20 
12284.23 3.1657663451101165e-20 
12292.14 3.1657663451101165e-20 
12300.050000000001 3.1657663451101165e-20 
12307.960000000001 3.1657663451101165e-20 
12315.87 3.1657663451101165e-20 
12323.78 3.1657663451101165e-20 
12331.69 3.1657663451101165e-20 
12339.6 3.1657663451101165e-20 
12347.51 3.1657663451101165e-20 
12355.42 3.1657663451101165e-20 
12363.33 3.1657663451101165e-20 
12371.24 3.1657663451101165e-20 
12379.15 3.1657663451101165e-20 
12387.06 3.1657663451101165e-20 
12394.97 3.1657663451101165e-20 
12402.880000000001 3.1657663451101165e-20 
12410.79 3.1657663451101165e-20 
12418.7 3.1657663451101165e-20 
12426.61 3.1657663451101165e-20 
12434.52 3.1657663451101165e-20 
12442.43 3.1657663451101165e-20 
12450.34 3.1657663451101165e-20 
12458.25 3.1657663451101165e-20 
12466.16 3.1657663451101165e-20 
12474.07 3.1657663451101165e-20 
12481.98 3.1657663451101165e-20 
12489.89 3.1657663451101165e-20 
12497.800000000001 3.1657663451101165e-20 
12505.710000000001 3.1657663451101165e-20 
12513.62 3.1657663451101165e-20 
12521.53 3.1657663451101165e-20 
12529.44 3.1657663451101165e-20 
12537.35 3.1657663451101165e-20 
12545.26 3.1657663451101165e-20 
12553.17 3.1657663451101165e-20 
12561.08 3.1657663451101165e-20 
12568.99 3.1657663451101165e-20 
12576.9 3.1657663451101165e-20 
12584.81 3.1657663451101165e-20 
12592.72 3.1657663451101165e-20 
12600.630000000001 3.1657663451101165e-20 
12608.54 3.1657663451101165e-20 
12616.45 3.1657663451101165e-20 
12624.36 3.1657663451101165e-20 
12632.27 3.1657663451101165e-20 
12640.18 3.1657663451101165e-20 
12648.09 3.1657663451101165e-20 
12656.0 3.1657663451101165e-20 
12663.91 3.1657663451101165e-20 
12671.82 3.1657663451101165e-20 
12679.73 3.1657663451101165e-20 
12687.64 3.1657663451101165e-20 
12695.550000000001 3.1657663451101165e-20 
12703.460000000001 3.1657663451101165e-20 
12711.37 3.1657663451101165e-20 
12719.28 3.1657663451101165e-20 
12727.19 3.1657663451101165e-20 
12735.1 3.1657663451101165e-20 
12743.01 3.1657663451101165e-20 
12750.92 3.1657663451101165e-20 
12758.83 3.1657663451101165e-20 
12766.74 3.1657663451101165e-20 
12774.65 3.1657663451101165e-20 
12782.56 3.1657663451101165e-20 
12790.47 3.1657663451101165e-20 
12798.380000000001 3.1657663451101165e-20 
12806.29 3.1657663451101165e-20 
12814.2 3.1657663451101165e-20 
12822.11 3.1657663451101165e-20 
12830.02 3.1657663451101165e-20 
12837.93 3.1657663451101165e-20 
12845.84 3.1657663451101165e-20 
12853.75 3.1657663451101165e-20 
12861.66 3.1657663451101165e-20 
12869.57 3.1657663451101165e-20 
12877.48 3.1657663451101165e-20 
12885.39 3.1657663451101165e-20 
12893.300000000001 3.1657663451101165e-20 
12901.210000000001 3.1657663451101165e-20 
12909.12 3.1657663451101165e-20 
12917.03 3.1657663451101165e-20 
12924.94 3.1657663451101165e-20 
12932.85 3.1657663451101165e-20 
12940.76 3.1657663451101165e-20 
12948.67 3.1657663451101165e-20 
12956.58 3.1657663451101165e-20 
12964.49 3.1657663451101165e-20 
12972.4 3.1657663451101165e-20 
12980.31 3.1657663451101165e-20 
12988.22 3.1657663451101165e-20 
12996.130000000001 3.1657663451101165e-20 
13004.04 3.1657663451101165e-20 
13011.95 3.1657663451101165e-20 
13019.86 3.1657663451101165e-20 
13027.77 3.1657663451101165e-20 
13035.68 3.1657663451101165e-20 
13043.59 3.1657663451101165e-20 
13051.5 3.1657663451101165e-20 
13059.41 3.1657663451101165e-20 
13067.32 3.1657663451101165e-20 
13075.23 3.1657663451101165e-20 
13083.14 3.1657663451101165e-20 
13091.050000000001 3.1657663451101165e-20 
13098.960000000001 3.1657663451101165e-20 
13106.87 3.1657663451101165e-20 
13114.78 3.1657663451101165e-20 
13122.69 3.1657663451101165e-20 
13130.6 3.1657663451101165e-20 
13138.51 3.1657663451101165e-20 
13146.42 3.1657663451101165e-20 
13154.33 3.1657663451101165e-20 
13162.24 3.1657663451101165e-20 
13170.15 3.1657663451101165e-20 
13178.06 3.1657663451101165e-20 
13185.97 3.1657663451101165e-20 
13193.880000000001 3.1657663451101165e-20 
13201.79 3.1657663451101165e-20 
13209.7 3.1657663451101165e-20 
13217.61 3.1657663451101165e-20 
13225.52 3.1657663451101165e-20 
13233.43 3.1657663451101165e-20 
13241.34 3.1657663451101165e-20 
13249.25 3.1657663451101165e-20 
13257.16 3.1657663451101165e-20 
13265.07 3.1657663451101165e-20 
13272.98 3.1657663451101165e-20 
13280.89 3.1657663451101165e-20 
13288.800000000001 3.1657663451101165e-20 
13296.710000000001 3.1657663451101165e-20 
13304.62 3.1657663451101165e-20 
13312.53 3.1657663451101165e-20 
13320.44 3.1657663451101165e-20 
13328.35 3.1657663451101165e-20 
13336.26 3.1657663451101165e-20 
13344.17 3.1657663451101165e-20 
13352.08 3.1657663451101165e-20 
13359.99 3.1657663451101165e-20 
13367.9 3.1657663451101165e-20 
13375.81 3.1657663451101165e-20 
13383.72 3.1657663451101165e-20 
13391.630000000001 3.1657663451101165e-20 
13399.54 3.1657663451101165e-20 
13407.45 3.1657663451101165e-20 
13415.36 3.1657663451101165e-20 
13423.27 3.1657663451101165e-20 
13431.18 3.1657663451101165e-20 
13439.09 3.1657663451101165e-20 
13447.0 3.1657663451101165e-20 
13454.91 3.1657663451101165e-20 
13462.82 3.1657663451101165e-20 
13470.73 3.1657663451101165e-20 
13478.64 3.1657663451101165e-20 
13486.550000000001 3.1657663451101165e-20 
13494.460000000001 3.1657663451101165e-20 
13502.37 3.1657663451101165e-20 
13510.28 3.1657663451101165e-20 
13518.19 3.1657663451101165e-20 
13526.1 3.1657663451101165e-20 
13534.01 3.1657663451101165e-20 
13541.92 3.1657663451101165e-20 
13549.83 3.1657663451101165e-20 
13557.74 3.1657663451101165e-20 
13565.65 3.1657663451101165e-20 
13573.56 3.1657663451101165e-20 
13581.47 3.1657663451101165e-20 
13589.380000000001 3.1657663451101165e-20 
13597.29 3.1657663451101165e-20 
13605.2 3.1657663451101165e-20 
13613.11 3.1657663451101165e-20 
13621.02 3.1657663451101165e-20 
13628.93 3.1657663451101165e-20 
13636.84 3.1657663451101165e-20 
13644.75 3.1657663451101165e-20 
13652.66 3.1657663451101165e-20 
13660.57 3.1657663451101165e-20 
13668.48 3.1657663451101165e-20 
13676.39 3.1657663451101165e-20 
13684.300000000001 3.1657663451101165e-20 
13692.210000000001 3.1657663451101165e-20 
13700.12 3.1657663451101165e-20 
13708.03 3.1657663451101165e-20 
13715.94 3.1657663451101165e-20 
13723.85 3.1657663451101165e-20 
13731.76 3.1657663451101165e-20 
13739.67 3.1657663451101165e-20 
13747.58 3.1657663451101165e-20 
13755.49 3.1657663451101165e-20 
13763.4 3.1657663451101165e-20 
13771.31 3.1657663451101165e-20 
13779.22 3.1657663451101165e-20 
13787.130000000001 3.1657663451101165e-20 
13795.04 3.1657663451101165e-20 
13802.95 3.1657663451101165e-20 
13810.86 3.1657663451101165e-20 
13818.77 3.1657663451101165e-20 
13826.68 3.1657663451101165e-20 
13834.59 3.1657663451101165e-20 
13842.5 3.1657663451101165e-20 
13850.41 3.1657663451101165e-20 
13858.32 3.1657663451101165e-20 
13866.23 3.1657663451101165e-20 
13874.14 3.1657663451101165e-20 
13882.050000000001 3.1657663451101165e-20 
13889.960000000001 3.1657663451101165e-20 
13897.87 3.1657663451101165e-20 
13905.78 3.1657663451101165e-20 
13913.69 3.1657663451101165e-20 
13921.6 3.1657663451101165e-20 
13929.51 3.1657663451101165e-20 
13937.42 3.1657663451101165e-20 
13945.33 3.1657663451101165e-20 
13953.24 3.1657663451101165e-20 
13961.15 3.1657663451101165e-20 
13969.06 3.1657663451101165e-20 
13976.97 3.1657663451101165e-20 
13984.880000000001 3.1657663451101165e-20 
13992.79 3.1657663451101165e-20 
14000.7 3.1657663451101165e-20 
14008.61 3.1657663451101165e-20 
14016.52 3.1657663451101165e-20 
14024.43 3.1657663451101165e-20 
14032.34 3.1657663451101165e-20 
14040.25 3.1657663451101165e-20 
14048.16 3.1657663451101165e-20 
14056.07 3.1657663451101165e-20 
14063.98 3.1657663451101165e-20 
14071.89 3.1657663451101165e-20 
14079.800000000001 3.1657663451101165e-20 
14087.710000000001 3.1657663451101165e-20 
14095.62 3.1657663451101165e-20 
14103.53 3.1657663451101165e-20 
14111.44 3.1657663451101165e-20 
14119.35 3.1657663451101165e-20 
14127.26 3.1657663451101165e-20 
14135.17 3.1657663451101165e-20 
14143.08 3.1657663451101165e-20 
14150.99 3.1657663451101165e-20 
14158.9 3.1657663451101165e-20 
14166.81 3.1657663451101165e-20 
14174.720000000001 3.1657663451101165e-20 
14182.630000000001 3.1657663451101165e-20 
14190.54 3.1657663451101165e-20 
14198.45 3.1657663451101165e-20 
14206.36 3.1657663451101165e-20 
14214.27 3.1657663451101165e-20 
14222.18 3.1657663451101165e-20 
14230.09 3.1657663451101165e-20 
14238.0 3.1657663451101165e-20 
14245.91 3.1657663451101165e-20 
14253.82 3.1657663451101165e-20 
14261.73 3.1657663451101165e-20 
14269.64 3.1657663451101165e-20 
14277.550000000001 3.1657663451101165e-20 
14285.460000000001 3.1657663451101165e-20 
14293.37 3.1657663451101165e-20 
14301.28 3.1657663451101165e-20 
14309.19 3.1657663451101165e-20 
14317.1 3.1657663451101165e-20 
14325.01 3.1657663451101165e-20 
14332.92 3.1657663451101165e-20 
14340.83 3.1657663451101165e-20 
14348.74 3.1657663451101165e-20 
14356.65 3.1657663451101165e-20 
14364.56 3.1657663451101165e-20 
14372.470000000001 3.1657663451101165e-20 
14380.380000000001 3.1657663451101165e-20 
14388.29 3.1657663451101165e-20 
14396.2 3.1657663451101165e-20 
14404.11 3.1657663451101165e-20 
14412.02 3.1657663451101165e-20 
14419.93 3.1657663451101165e-20 
14427.84 3.1657663451101165e-20 
14435.75 3.1657663451101165e-20 
14443.66 3.1657663451101165e-20 
14451.57 3.1657663451101165e-20 
14459.48 3.1657663451101165e-20 
14467.39 3.1657663451101165e-20 
14475.300000000001 3.1657663451101165e-20 
14483.210000000001 3.1657663451101165e-20 
14491.12 3.1657663451101165e-20 
14499.03 3.1657663451101165e-20 
14506.94 3.1657663451101165e-20 
14514.85 3.1657663451101165e-20 
14522.76 3.1657663451101165e-20 
14530.67 3.1657663451101165e-20 
14538.58 3.1657663451101165e-20 
14546.49 3.1657663451101165e-20 
14554.4 3.1657663451101165e-20 
14562.31 3.1657663451101165e-20 
14570.220000000001 3.1657663451101165e-20 
14578.130000000001 3.1657663451101165e-20 
14586.04 3.1657663451101165e-20 
14593.95 3.1657663451101165e-20 
14601.86 3.1657663451101165e-20 
14609.77 3.1657663451101165e-20 
14617.68 3.1657663451101165e-20 
14625.59 3.1657663451101165e-20 
14633.5 3.1657663451101165e-20 
14641.41 3.1657663451101165e-20 
14649.32 3.1657663451101165e-20 
14657.23 3.1657663451101165e-20 
14665.14 3.1657663451101165e-20 
14673.050000000001 3.1657663451101165e-20 
14680.960000000001 3.1657663451101165e-20 
14688.87 3.1657663451101165e-20 
14696.78 3.1657663451101165e-20 
14704.69 3.1657663451101165e-20 
14712.6 3.1657663451101165e-20 
14720.51 3.1657663451101165e-20 
14728.42 3.1657663451101165e-20 
14736.33 3.1657663451101165e-20 
14744.24 3.1657663451101165e-20 
14752.15 3.1657663451101165e-20 
14760.06 3.1657663451101165e-20 
14767.970000000001 3.1657663451101165e-20 
14775.880000000001 3.1657663451101165e-20 
14783.79 3.1657663451101165e-20 
14791.7 3.1657663451101165e-20 
14799.61 3.1657663451101165e-20 
14807.52 3.1657663451101165e-20 
14815.43 3.1657663451101165e-20 
14823.34 3.1657663451101165e-20 
14831.25 3.1657663451101165e-20 
14839.16 3.1657663451101165e-20 
14847.07 3.1657663451101165e-20 
14854.98 3.1657663451101165e-20 
14862.89 3.1657663451101165e-20 
14870.800000000001 3.1657663451101165e-20 
14878.710000000001 3.1657663451101165e-20 
14886.62 3.1657663451101165e-20 
14894.53 3.1657663451101165e-20 
14902.44 3.1657663451101165e-20 
14910.35 3.1657663451101165e-20 
14918.26 3.1657663451101165e-20 
14926.17 3.1657663451101165e-20 
14934.08 3.1657663451101165e-20 
14941.99 3.1657663451101165e-20 
14949.9 3.1657663451101165e-20 
14957.81 3.1657663451101165e-20 
14965.720000000001 3.1657663451101165e-20 
14973.630000000001 3.1657663451101165e-20 
14981.54 3.1657663451101165e-20 
14989.45 3.1657663451101165e-20 
14997.36 3.1657663451101165e-20 
15005.27 3.1657663451101165e-20 
15013.18 3.1657663451101165e-20 
15021.09 3.1657663451101165e-20 
15029.0 3.1657663451101165e-20 
15036.91 3.1657663451101165e-20 
15044.82 3.1657663451101165e-20 
15052.73 3.1657663451101165e-20 
15060.64 3.1657663451101165e-20 
15068.550000000001 3.1657663451101165e-20 
15076.460000000001 3.1657663451101165e-20 
15084.37 3.1657663451101165e-20 
15092.28 3.1657663451101165e-20 
15100.19 3.1657663451101165e-20 
15108.1 3.1657663451101165e-20 
15116.01 3.1657663451101165e-20 
15123.92 3.1657663451101165e-20 
15131.83 3.1657663451101165e-20 
15139.74 3.1657663451101165e-20 
15147.65 3.1657663451101165e-20 
15155.56 3.1657663451101165e-20 
15163.470000000001 3.1657663451101165e-20 
15171.380000000001 3.1657663451101165e-20 
15179.29 3.1657663451101165e-20 
15187.2 3.1657663451101165e-20 
15195.11 3.1657663451101165e-20 
15203.02 3.1657663451101165e-20 
15210.93 3.1657663451101165e-20 
15218.84 3.1657663451101165e-20 
15226.75 3.1657663451101165e-20 
15234.66 3.1657663451101165e-20 
15242.57 3.1657663451101165e-20 
15250.48 3.1657663451101165e-20 
15258.39 3.1657663451101165e-20 
15266.300000000001 3.1657663451101165e-20 
15274.210000000001 3.1657663451101165e-20 
15282.12 3.1657663451101165e-20 
15290.03 3.1657663451101165e-20 
15297.94 3.1657663451101165e-20 
15305.85 3.1657663451101165e-20 
15313.76 3.1657663451101165e-20 
15321.67 3.1657663451101165e-20 
15329.58 3.1657663451101165e-20 
15337.49 3.1657663451101165e-20 
15345.4 3.1657663451101165e-20 
15353.31 3.1657663451101165e-20 
15361.220000000001 3.1657663451101165e-20 
15369.130000000001 3.1657663451101165e-20 
15377.04 3.1657663451101165e-20 
15384.95 3.1657663451101165e-20 
15392.86 3.1657663451101165e-20 
15400.77 3.1657663451101165e-20 
15408.68 3.1657663451101165e-20 
15416.59 3.1657663451101165e-20 
15424.5 3.1657663451101165e-20 
15432.41 3.1657663451101165e-20 
15440.32 3.1657663451101165e-20 
15448.23 3.1657663451101165e-20 
15456.14 3.1657663451101165e-20 
15464.050000000001 3.1657663451101165e-20 
15471.960000000001 3.1657663451101165e-20 
15479.87 3.1657663451101165e-20 
15487.78 3.1657663451101165e-20 
15495.69 3.1657663451101165e-20 
15503.6 3.1657663451101165e-20 
15511.51 3.1657663451101165e-20 
15519.42 3.1657663451101165e-20 
15527.33 3.1657663451101165e-20 
15535.24 3.1657663451101165e-20 
15543.15 3.1657663451101165e-20 
15551.06 3.1657663451101165e-20 
15558.970000000001 3.1657663451101165e-20 
15566.880000000001 3.1657663451101165e-20 
15574.79 3.1657663451101165e-20 
15582.7 3.1657663451101165e-20 
15590.61 3.1657663451101165e-20 
15598.52 3.1657663451101165e-20 
15606.43 3.1657663451101165e-20 
15614.34 3.1657663451101165e-20 
15622.25 3.1657663451101165e-20 
15630.16 3.1657663451101165e-20 
15638.07 3.1657663451101165e-20 
15645.98 3.1657663451101165e-20 
15653.89 3.1657663451101165e-20 
15661.800000000001 3.1657663451101165e-20 
15669.710000000001 3.1657663451101165e-20 
15677.62 3.1657663451101165e-20 
15685.53 3.1657663451101165e-20 
15693.44 3.1657663451101165e-20 
15701.35 3.1657663451101165e-20 
15709.26 3.1657663451101165e-20 
15717.17 3.1657663451101165e-20 
15725.08 3.1657663451101165e-20 
15732.99 3.1657663451101165e-20 
15740.9 3.1657663451101165e-20 
15748.81 3.1657663451101165e-20 
15756.720000000001 3.1657663451101165e-20 
15764.630000000001 3.1657663451101165e-20 
15772.54 3.1657663451101165e-20 
15780.45 3.1657663451101165e-20 
15788.36 3.1657663451101165e-20 
15796.27 3.1657663451101165e-20 
15804.18 3.1657663451101165e-20 
15812.09 3.1657663451101165e-20 
15820.0 3.1657663451101165e-20 
15827.91 3.1657663451101165e-20 
15835.82 3.1657663451101165e-20 
15843.73 3.1657663451101165e-20 
15851.64 3.1657663451101165e-20 
15859.550000000001 3.1657663451101165e-20 
15867.460000000001 3.1657663451101165e-20 
15875.37 3.1657663451101165e-20 
15883.28 3.1657663451101165e-20 
15891.19 3.1657663451101165e-20 
15899.1 3.1657663451101165e-20 
15907.01 3.1657663451101165e-20 
15914.92 3.1657663451101165e-20 
15922.83 3.1657663451101165e-20 
15930.74 3.1657663451101165e-20 
15938.65 3.1657663451101165e-20 
15946.56 3.1657663451101165e-20 
15954.470000000001 3.1657663451101165e-20 
15962.380000000001 3.1657663451101165e-20 
15970.29 3.1657663451101165e-20 
15978.2 3.1657663451101165e-20 
15986.11 3.1657663451101165e-20 
15994.02 3.1657663451101165e-20 
16001.93 3.1657663451101165e-20 
16009.84 3.1657663451101165e-20 
16017.75 3.1657663451101165e-20 
16025.66 3.1657663451101165e-20 
16033.57 3.1657663451101165e-20 
16041.48 3.1657663451101165e-20 
16049.39 3.1657663451101165e-20 
16057.300000000001 3.1657663451101165e-20 
16065.210000000001 3.1657663451101165e-20 
16073.12 3.1657663451101165e-20 
16081.03 3.1657663451101165e-20 
16088.94 3.1657663451101165e-20 
16096.85 3.1657663451101165e-20 
16104.76 3.1657663451101165e-20 
16112.67 3.1657663451101165e-20 
16120.58 3.1657663451101165e-20 
16128.49 3.1657663451101165e-20 
16136.4 3.1657663451101165e-20 
16144.31 3.1657663451101165e-20 
16152.220000000001 3.1657663451101165e-20 
16160.130000000001 3.1657663451101165e-20 
16168.04 3.1657663451101165e-20 
16175.95 3.1657663451101165e-20 
16183.86 3.1657663451101165e-20 
16191.77 3.1657663451101165e-20 
16199.68 3.1657663451101165e-20 
16207.59 3.1657663451101165e-20 
16215.5 3.1657663451101165e-20 
16223.41 3.1657663451101165e-20 
16231.32 3.1657663451101165e-20 
16239.23 3.1657663451101165e-20 
16247.14 3.1657663451101165e-20 
16255.050000000001 3.1657663451101165e-20 
16262.960000000001 3.1657663451101165e-20 
16270.87 3.1657663451101165e-20 
16278.78 3.1657663451101165e-20 
16286.69 3.1657663451101165e-20 
16294.6 3.1657663451101165e-20 
16302.51 3.1657663451101165e-20 
16310.42 3.1657663451101165e-20 
16318.33 3.1657663451101165e-20 
16326.24 3.1657663451101165e-20 
16334.15 3.1657663451101165e-20 
16342.06 3.1657663451101165e-20 
16349.970000000001 3.1657663451101165e-20 
16357.880000000001 3.1657663451101165e-20 
16365.79 3.1657663451101165e-20 
16373.7 3.1657663451101165e-20 
16381.61 3.1657663451101165e-20 
16389.52 3.1657663451101165e-20 
16397.43 3.1657663451101165e-20 
16405.34 3.1657663451101165e-20 
16413.25 3.1657663451101165e-20 
16421.16 3.1657663451101165e-20 
16429.07 3.1657663451101165e-20 
16436.98 3.1657663451101165e-20 
16444.89 3.1657663451101165e-20 
16452.8 3.1657663451101165e-20 
16460.71 3.1657663451101165e-20 
16468.62 3.1657663451101165e-20 
16476.53 3.1657663451101165e-20 
16484.44 3.1657663451101165e-20 
16492.35 3.1657663451101165e-20 
16500.260000000002 3.1657663451101165e-20 
16508.170000000002 3.1657663451101165e-20 
16516.08 3.1657663451101165e-20 
16523.99 3.1657663451101165e-20 
16531.9 3.1657663451101165e-20 
16539.81 3.1657663451101165e-20 
16547.72 3.1657663451101165e-20 
16555.63 3.1657663451101165e-20 
16563.54 3.1657663451101165e-20 
16571.45 3.1657663451101165e-20 
16579.36 3.1657663451101165e-20 
16587.27 3.1657663451101165e-20 
16595.18 3.1657663451101165e-20 
16603.09 3.1657663451101165e-20 
16611.0 3.1657663451101165e-20 
16618.91 3.1657663451101165e-20 
16626.82 3.1657663451101165e-20 
16634.73 3.1657663451101165e-20 
16642.64 3.1657663451101165e-20 
16650.55 3.1657663451101165e-20 
16658.46 3.1657663451101165e-20 
16666.37 3.1657663451101165e-20 
16674.28 3.1657663451101165e-20 
16682.19 3.1657663451101165e-20 
16690.1 3.1657663451101165e-20 
16698.010000000002 3.1657663451101165e-20 
16705.920000000002 3.1657663451101165e-20 
16713.83 3.1657663451101165e-20 
16721.74 3.1657663451101165e-20 
16729.65 3.1657663451101165e-20 
16737.56 3.1657663451101165e-20 
16745.47 3.1657663451101165e-20 
16753.38 3.1657663451101165e-20 
16761.29 3.1657663451101165e-20 
16769.2 3.1657663451101165e-20 
16777.11 3.1657663451101165e-20 
16785.02 3.1657663451101165e-20 
16792.93 3.1657663451101165e-20 
16800.84 3.1657663451101165e-20 
16808.75 3.1657663451101165e-20 
16816.66 3.1657663451101165e-20 
16824.57 3.1657663451101165e-20 
16832.48 3.1657663451101165e-20 
16840.39 3.1657663451101165e-20 
16848.3 3.1657663451101165e-20 
16856.21 3.1657663451101165e-20 
16864.12 3.1657663451101165e-20 
16872.03 3.1657663451101165e-20 
16879.94 3.1657663451101165e-20 
16887.85 3.1657663451101165e-20 
16895.760000000002 3.1657663451101165e-20 
16903.670000000002 3.1657663451101165e-20 
16911.58 3.1657663451101165e-20 
16919.49 3.1657663451101165e-20 
16927.4 3.1657663451101165e-20 
16935.31 3.1657663451101165e-20 
16943.22 3.1657663451101165e-20 
16951.13 3.1657663451101165e-20 
16959.04 3.1657663451101165e-20 
16966.95 3.1657663451101165e-20 
16974.86 3.1657663451101165e-20 
16982.77 3.1657663451101165e-20 
16990.68 3.1657663451101165e-20 
16998.59 3.1657663451101165e-20 
17006.5 3.1657663451101165e-20 
17014.41 3.1657663451101165e-20 
17022.32 3.1657663451101165e-20 
17030.23 3.1657663451101165e-20 
17038.14 3.1657663451101165e-20 
17046.05 3.1657663451101165e-20 
17053.96 3.1657663451101165e-20 
17061.87 3.1657663451101165e-20 
17069.78 3.1657663451101165e-20 
17077.69 3.1657663451101165e-20 
17085.6 3.1657663451101165e-20 
17093.510000000002 3.1657663451101165e-20 
17101.420000000002 3.1657663451101165e-20 
17109.33 3.1657663451101165e-20 
17117.24 3.1657663451101165e-20 
17125.15 3.1657663451101165e-20 
17133.06 3.1657663451101165e-20 
17140.97 3.1657663451101165e-20 
17148.88 3.1657663451101165e-20 
17156.79 3.1657663451101165e-20 
17164.7 3.1657663451101165e-20 
17172.61 3.1657663451101165e-20 
17180.52 3.1657663451101165e-20 
17188.43 3.1657663451101165e-20 
17196.34 3.1657663451101165e-20 
17204.25 3.1657663451101165e-20 
17212.16 3.1657663451101165e-20 
17220.07 3.1657663451101165e-20 
17227.98 3.1657663451101165e-20 
17235.89 3.1657663451101165e-20 
17243.8 3.1657663451101165e-20 
17251.71 3.1657663451101165e-20 
17259.62 3.1657663451101165e-20 
17267.53 3.1657663451101165e-20 
17275.44 3.1657663451101165e-20 
17283.35 3.1657663451101165e-20 
17291.260000000002 3.1657663451101165e-20 
17299.170000000002 3.1657663451101165e-20 
17307.08 3.1657663451101165e-20 
17314.99 3.1657663451101165e-20 
17322.9 3.1657663451101165e-20 
17330.81 3.1657663451101165e-20 
17338.72 3.1657663451101165e-20 
17346.63 3.1657663451101165e-20 
17354.54 3.1657663451101165e-20 
17362.45 3.1657663451101165e-20 
17370.36 3.1657663451101165e-20 
17378.27 3.1657663451101165e-20 
17386.18 3.1657663451101165e-20 
17394.09 3.1657663451101165e-20 
17402.0 3.1657663451101165e-20 
17409.91 3.1657663451101165e-20 
17417.82 3.1657663451101165e-20 
17425.73 3.1657663451101165e-20 
17433.64 3.1657663451101165e-20 
17441.55 3.1657663451101165e-20 
17449.46 3.1657663451101165e-20 
17457.37 3.1657663451101165e-20 
17465.28 3.1657663451101165e-20 
17473.19 3.1657663451101165e-20 
17481.1 3.1657663451101165e-20 
17489.010000000002 3.1657663451101165e-20 
17496.920000000002 3.1657663451101165e-20 
17504.83 3.1657663451101165e-20 
17512.74 3.1657663451101165e-20 
17520.65 3.1657663451101165e-20 
17528.56 3.1657663451101165e-20 
17536.47 3.1657663451101165e-20 
17544.38 3.1657663451101165e-20 
17552.29 3.1657663451101165e-20 
17560.2 3.1657663451101165e-20 
17568.11 3.1657663451101165e-20 
17576.02 3.1657663451101165e-20 
17583.93 3.1657663451101165e-20 
17591.84 3.1657663451101165e-20 
17599.75 3.1657663451101165e-20 
17607.66 3.1657663451101165e-20 
17615.57 3.1657663451101165e-20 
17623.48 3.1657663451101165e-20 
17631.39 3.1657663451101165e-20 
17639.3 3.1657663451101165e-20 
17647.21 3.1657663451101165e-20 
17655.12 3.1657663451101165e-20 
17663.03 3.1657663451101165e-20 
17670.94 3.1657663451101165e-20 
17678.85 3.1657663451101165e-20 
17686.760000000002 3.1657663451101165e-20 
17694.670000000002 3.1657663451101165e-20 
17702.58 3.1657663451101165e-20 
17710.49 3.1657663451101165e-20 
17718.4 3.1657663451101165e-20 
17726.31 3.1657663451101165e-20 
17734.22 3.1657663451101165e-20 
17742.13 3.1657663451101165e-20 
17750.04 3.1657663451101165e-20 
17757.95 3.1657663451101165e-20 
17765.86 3.1657663451101165e-20 
17773.77 3.1657663451101165e-20 
17781.68 3.1657663451101165e-20 
17789.59 3.1657663451101165e-20 
17797.5 3.1657663451101165e-20 
17805.41 3.1657663451101165e-20 
17813.32 3.1657663451101165e-20 
17821.23 3.1657663451101165e-20 
17829.14 3.1657663451101165e-20 
17837.05 3.1657663451101165e-20 
17844.96 3.1657663451101165e-20 
17852.87 3.1657663451101165e-20 
17860.78 3.1657663451101165e-20 
17868.69 3.1657663451101165e-20 
17876.6 3.1657663451101165e-20 
17884.510000000002 3.1657663451101165e-20 
17892.420000000002 3.1657663451101165e-20 
17900.33 3.1657663451101165e-20 
17908.24 3.1657663451101165e-20 
17916.15 3.1657663451101165e-20 
17924.06 3.1657663451101165e-20 
17931.97 3.1657663451101165e-20 
17939.88 3.1657663451101165e-20 
17947.79 3.1657663451101165e-20 
17955.7 3.1657663451101165e-20 
17963.61 3.1657663451101165e-20 
17971.52 3.1657663451101165e-20 
17979.43 3.1657663451101165e-20 
17987.34 3.1657663451101165e-20 
17995.25 3.1657663451101165e-20 
18003.16 3.1657663451101165e-20 
18011.07 3.1657663451101165e-20 
18018.98 3.1657663451101165e-20 
18026.89 3.1657663451101165e-20 
18034.8 3.1657663451101165e-20 
18042.71 3.1657663451101165e-20 
18050.62 3.1657663451101165e-20 
18058.53 3.1657663451101165e-20 
18066.44 3.1657663451101165e-20 
18074.35 3.1657663451101165e-20 
18082.260000000002 3.1657663451101165e-20 
18090.170000000002 3.1657663451101165e-20 
18098.08 3.1657663451101165e-20 
18105.99 3.1657663451101165e-20 
18113.9 3.1657663451101165e-20 
18121.81 3.1657663451101165e-20 
18129.72 3.1657663451101165e-20 
18137.63 3.1657663451101165e-20 
18145.54 3.1657663451101165e-20 
18153.45 3.1657663451101165e-20 
18161.36 3.1657663451101165e-20 
18169.27 3.1657663451101165e-20 
18177.18 3.1657663451101165e-20 
18185.09 3.1657663451101165e-20 
18193.0 3.1657663451101165e-20 
18200.91 3.1657663451101165e-20 
18208.82 3.1657663451101165e-20 
18216.73 3.1657663451101165e-20 
18224.64 3.1657663451101165e-20 
18232.55 3.1657663451101165e-20 
18240.46 3.1657663451101165e-20 
18248.37 3.1657663451101165e-20 
18256.28 3.1657663451101165e-20 
18264.19 3.1657663451101165e-20 
18272.1 3.1657663451101165e-20 
18280.010000000002 3.1657663451101165e-20 
18287.920000000002 3.1657663451101165e-20 
18295.83 3.1657663451101165e-20 
18303.74 3.1657663451101165e-20 
18311.65 3.1657663451101165e-20 
18319.56 3.1657663451101165e-20 
18327.47 3.1657663451101165e-20 
18335.38 3.1657663451101165e-20 
18343.29 3.1657663451101165e-20 
18351.2 3.1657663451101165e-20 
18359.11 3.1657663451101165e-20 
18367.02 3.1657663451101165e-20 
18374.93 3.1657663451101165e-20 
18382.84 3.1657663451101165e-20 
18390.75 3.1657663451101165e-20 
18398.66 3.1657663451101165e-20 
18406.57 3.1657663451101165e-20 
18414.48 3.1657663451101165e-20 
18422.39 3.1657663451101165e-20 
18430.3 3.1657663451101165e-20 
18438.21 3.1657663451101165e-20 
18446.12 3.1657663451101165e-20 
18454.03 3.1657663451101165e-20 
18461.94 3.1657663451101165e-20 
18469.85 3.1657663451101165e-20 
18477.760000000002 3.1657663451101165e-20 
18485.670000000002 3.1657663451101165e-20 
18493.58 3.1657663451101165e-20 
18501.49 3.1657663451101165e-20 
18509.4 3.1657663451101165e-20 
18517.31 3.1657663451101165e-20 
18525.22 3.1657663451101165e-20 
18533.13 3.1657663451101165e-20 
18541.04 3.1657663451101165e-20 
18548.95 3.1657663451101165e-20 
18556.86 3.1657663451101165e-20 
18564.77 3.1657663451101165e-20 
18572.68 3.1657663451101165e-20 
18580.59 3.1657663451101165e-20 
18588.5 3.1657663451101165e-20 
18596.41 3.1657663451101165e-20 
18604.32 3.1657663451101165e-20 
18612.23 3.1657663451101165e-20 
18620.14 3.1657663451101165e-20 
18628.05 3.1657663451101165e-20 
18635.96 3.1657663451101165e-20 
18643.87 3.1657663451101165e-20 
18651.78 3.1657663451101165e-20 
18659.69 3.1657663451101165e-20 
18667.6 3.1657663451101165e-20 
18675.510000000002 3.1657663451101165e-20 
18683.420000000002 3.1657663451101165e-20 
18691.33 3.1657663451101165e-20 
18699.24 3.1657663451101165e-20 
18707.15 3.1657663451101165e-20 
18715.06 3.1657663451101165e-20 
18722.97 3.1657663451101165e-20 
18730.88 3.1657663451101165e-20 
18738.79 3.1657663451101165e-20 
18746.7 3.1657663451101165e-20 
18754.61 3.1657663451101165e-20 
18762.52 3.1657663451101165e-20 
18770.43 3.1657663451101165e-20 
18778.34 3.1657663451101165e-20 
18786.25 3.1657663451101165e-20 
18794.16 3.1657663451101165e-20 
18802.07 3.1657663451101165e-20 
18809.98 3.1657663451101165e-20 
18817.89 3.1657663451101165e-20 
18825.8 3.1657663451101165e-20 
18833.71 3.1657663451101165e-20 
18841.62 3.1657663451101165e-20 
18849.53 3.1657663451101165e-20 
18857.44 3.1657663451101165e-20 
18865.35 3.1657663451101165e-20 
18873.260000000002 3.1657663451101165e-20 
18881.170000000002 3.1657663451101165e-20 
18889.08 3.1657663451101165e-20 
18896.99 3.1657663451101165e-20 
18904.9 3.1657663451101165e-20 
18912.81 3.1657663451101165e-20 
18920.72 3.1657663451101165e-20 
18928.63 3.1657663451101165e-20 
18936.54 3.1657663451101165e-20 
18944.45 3.1657663451101165e-20 
18952.36 3.1657663451101165e-20 
18960.27 3.1657663451101165e-20 
18968.18 3.1657663451101165e-20 
18976.09 3.1657663451101165e-20 
18984.0 3.1657663451101165e-20 
18991.91 3.1657663451101165e-20 
18999.82 3.1657663451101165e-20 
19007.73 3.1657663451101165e-20 
19015.64 3.1657663451101165e-20 
19023.55 3.1657663451101165e-20 
19031.46 3.1657663451101165e-20 
19039.37 3.1657663451101165e-20 
19047.28 3.1657663451101165e-20 
19055.19 3.1657663451101165e-20 
19063.1 3.1657663451101165e-20 
19071.010000000002 3.1657663451101165e-20 
19078.920000000002 3.1657663451101165e-20 
19086.83 3.1657663451101165e-20 
19094.74 3.1657663451101165e-20 
19102.65 3.1657663451101165e-20 
19110.56 3.1657663451101165e-20 
19118.47 3.1657663451101165e-20 
19126.38 3.1657663451101165e-20 
19134.29 3.1657663451101165e-20 
19142.2 3.1657663451101165e-20 
19150.11 3.1657663451101165e-20 
19158.02 3.1657663451101165e-20 
19165.93 3.1657663451101165e-20 
19173.84 3.1657663451101165e-20 
19181.75 3.1657663451101165e-20 
19189.66 3.1657663451101165e-20 
19197.57 3.1657663451101165e-20 
19205.48 3.1657663451101165e-20 
19213.39 3.1657663451101165e-20 
19221.3 3.1657663451101165e-20 
19229.21 3.1657663451101165e-20 
19237.12 3.1657663451101165e-20 
19245.03 3.1657663451101165e-20 
19252.94 3.1657663451101165e-20 
19260.85 3.1657663451101165e-20 
19268.760000000002 3.1657663451101165e-20 
19276.670000000002 3.1657663451101165e-20 
19284.58 3.1657663451101165e-20 
19292.49 3.1657663451101165e-20 
19300.4 3.1657663451101165e-20 
19308.31 3.1657663451101165e-20 
19316.22 3.1657663451101165e-20 
19324.13 3.1657663451101165e-20 
19332.04 3.1657663451101165e-20 
19339.95 3.1657663451101165e-20 
19347.86 3.1657663451101165e-20 
19355.77 3.1657663451101165e-20 
19363.68 3.1657663451101165e-20 
19371.59 3.1657663451101165e-20 
19379.5 3.1657663451101165e-20 
19387.41 3.1657663451101165e-20 
19395.32 3.1657663451101165e-20 
19403.23 3.1657663451101165e-20 
19411.14 3.1657663451101165e-20 
19419.05 3.1657663451101165e-20 
19426.96 3.1657663451101165e-20 
19434.87 3.1657663451101165e-20 
19442.78 3.1657663451101165e-20 
19450.69 3.1657663451101165e-20 
19458.6 3.1657663451101165e-20 
19466.510000000002 3.1657663451101165e-20 
19474.420000000002 3.1657663451101165e-20 
19482.33 3.1657663451101165e-20 
19490.24 3.1657663451101165e-20 
19498.15 3.1657663451101165e-20 
19506.06 3.1657663451101165e-20 
19513.97 3.1657663451101165e-20 
19521.88 3.1657663451101165e-20 
19529.79 3.1657663451101165e-20 
19537.7 3.1657663451101165e-20 
19545.61 3.1657663451101165e-20 
19553.52 3.1657663451101165e-20 
19561.43 3.1657663451101165e-20 
19569.34 3.1657663451101165e-20 
19577.25 3.1657663451101165e-20 
19585.16 3.1657663451101165e-20 
19593.07 3.1657663451101165e-20 
19600.98 3.1657663451101165e-20 
19608.89 3.1657663451101165e-20 
19616.8 3.1657663451101165e-20 
19624.71 3.1657663451101165e-20 
19632.62 3.1657663451101165e-20 
19640.53 3.1657663451101165e-20 
19648.44 3.1657663451101165e-20 
19656.35 3.1657663451101165e-20 
19664.260000000002 3.1657663451101165e-20 
19672.170000000002 3.1657663451101165e-20 
19680.08 3.1657663451101165e-20 
19687.99 3.1657663451101165e-20 
19695.9 3.1657663451101165e-20 
19703.81 3.1657663451101165e-20 
19711.72 3.1657663451101165e-20 
19719.63 3.1657663451101165e-20 
19727.54 3.1657663451101165e-20 
19735.45 3.1657663451101165e-20 
19743.36 3.1657663451101165e-20 
19751.27 3.1657663451101165e-20 
19759.18 3.1657663451101165e-20 
19767.09 3.1657663451101165e-20 
